0
1
4
0
-6
-19
-23
0
-55
40
9
-100
10
15
-158
-14
162
112
-255
-416
126
-218
-63
25
74
-23
376
308
289
274
-835
-287
-270
-483
-720
260
373
-22
-365
-108
598
-277
-264
-637
357
581
-344
-758
275
-440
1727
474
-328
-82
-325
453
-709
238
-559
1295
549
53
-289
358
-505
460
599
97
445
120
152
57
-1246
136
-417
-54
756
-207
-995
-871
305
-8
387
359
500
1100
166
-1220
-41
-54
16
703
366
-219
-578
-974
856
143
731
-429
-1436
-303
510
429
-271
785
-12
-538
-666
-93
145
-82
-670
2
1036
-369
-235
358
1308
-767
540
71
-406
364
1210
496
-424
-372
432
276
257
-871
-472
580
495
-492
329
894
-877
177
-639
-472
-19
279
-185
-1043
42
954
282
129
-500
-224
361
-76
-408
-495
130
868
577
-245
-218
-219
-656
288
465
-310
-546
-160
-7
1287
-55
578
-996
-222
663
944
-91
-282
-408
59
292
-1523
-234
121
-502
320
319
274
331
-511
-835
-531
74
805
664
782
432
-1105
312
741
236
16
-774
-397
139
201
-25
-265
-475
3
-368
-792
206
376
161
47
-16
-211
-222
-425
675
-61
-329
-1052
-205
253
-365
215
-635
679
123
435
656
-146
-55
-469
679
-1275
658
-161
251
440
98
466
-94
-596
-257
-682
336
-68
-175
-181
-564
-48
645
414
-108
113
-984
754
-69
-26
31
1053
-124
288
267
-147
-532
840
-366
330
-35
-738
-544
-667
542
-716
793
704
453
272
-538
151
22
190
763
79
383
630
1330
-87
770
118
-263
-811
-1213
673
3
591
266
724
-707
-711
-705
-422
38
235
-396
423
512
-85
847
-729
625
-502
-415
195
328
-1148
490
320
-763
803
-643
-400
471
39
-446
-180
-478
465
-210
20
-287
-191
-18
104
-231
632
157
-666
1255
180
-1420
-138
418
-164
540
-0
-194
-182
-137
-709
-49
-128
638
-115
-179
22
389
-150
419
543
-632
-205
-644
-687
-321
-574
-773
264
-731
151
524
447
-696
87
1163
401
-765
911
795
139
-474
-992
808
-63
-283
760
-776
295
714
-240
-396
1106
391
65
-18
-410
69
297
-212
-837
422
676
302
-859
-495
661
460
-266
860
-488
-76
-13
106
502
-464
-1021
-186
148
-207
-45
-43
149
-762
-1116
380
-987
776
-334
-484
314
321
434
-323
1032
818
748
963
-245
-281
9
-737
-320
369
-392
438
109
-251
-505
367
434
180
-588
-212
511
587
-22
608
458
-1865
599
140
246
-545
-485
585
-580
-284
-193
-590
352
-245
472
24
28
-263
1189
736
-480
-295
-114
-1098
207
426
1391
463
477
1083
186
106
-173
-843
-829
687
151
295
-609
6
-702
-430
-440
-648
225
-763
236
-931
-641
255
237
-410
-843
109
196
-516
711
-238
394
106
-306
2047
67
1460
-455
-635
475
324
800
-56
-478
-239
-16
-422
-807
584
776
704
-544
469
-1207
-158
255
303
-230
-248
373
-573
108
-546
508
-846
1019
462
-1038
539
-495
-196
333
-691
-591
805
546
-308
330
-1090
118
201
195
366
-179
112
-181
923
-751
-1219
879
137
475
-328
-737
376
252
-1109
-515
708
-109
-516
-833
914
-129
352
-469
412
-587
-308
407
1444
391
-598
-45
-10
465
-603
-346
-618
28
-1027
411
-166
539
-212
334
482
460
-55
-299
646
-858
-889
-336
-375
-597
1038
-695
-431
121
-202
1329
-203
982
1583
-530
-324
-5
-430
754
24
-168
-87
339
475
3
770
193
-200
26
115
1262
158
237
-37
-120
-65
824
95
-184
-12
-171
227
191
-1063
640
-608
-441
1376
419
11
143
572
-851
1
-296
427
-497
140
440
31
124
-408
-59
-29
286
-306
-301
116
-1122
485
-452
-515
1200
-254
11
554
-744
528
-965
-451
286
153
71
304
523
458
-1479
-330
-1050
-388
-186
-446
-355
-514
-225
-464
788
31
-190
-550
-130
49
53
-1107
-1118
23
201
-255
20
-383
-406
703
64
-682
360
410
-1176
-584
748
267
899
-289
-724
593
199
126
226
-271
400
1104
895
294
671
85
-59
-84
81
-109
773
-673
-220
-618
555
45
600
807
493
-582
504
65
588
1407
182
-342
-236
709
-283
656
-345
514
-245
-67
-425
-1135
-676
789
-910
-171
754
151
88
105
199
-214
-894
-260
-498
-318
868
-1268
144
453
133
276
-277
347
-76
-502
355
456
-513
-271
270
72
1076
193
-2
425
-267
-873
548
-299
201
-35
-728
826
-504
606
-23
-168
-164
493
1077
1019
-47
-232
-598
-537
-442
507
-317
-836
-304
-233
-720
-100
275
18
-659
461
-300
-583
-123
530
-418
-283
564
515
296
-173
368
-857
-218
64
-179
-445
42
-212
-233
51
589
377
-100
-1415
509
50
4
441
-58
-280
873
-22
821
-15
680
480
489
964
-571
-519
-74
-495
-386
335
-85
-445
-1278
776
-576
348
821
602
88
-408
440
-180
259
-51
-130
-750
-1202
123
-1051
-88
-694
1041
200
-402
804
-930
-134
-532
-443
107
243
-110
-384
-309
13
220
593
469
141
164
-335
71
49
-540
271
375
968
-594
-233
202
1310
312
895
371
-561
132
209
-83
-441
213
5
286
-206
-125
-318
664
394
-150
93
391
-277
-683
-86
-34
-859
253
95
61
-470
74
172
278
58
-355
-111
-1135
60
80
-623
86
739
361
232
924
14
258
849
65
62
31
-819
332
1025
-102
767
-286
375
-234
-363
-649
-720
315
-564
121
-364
-57
456
-345
-1149
762
-85
-416
-95
508
287
695
248
-653
-115
-451
609
65
531
688
21
-258
-491
-413
0
-575
337
60
-571
48
62
-578
-45
467
293
-604
-903
252
-404
-109
41
114
-33
518
404
364
332
-978
-326
-299
-522
-761
270
383
-23
-367
-109
598
-277
-264
-637
357
581
-344
-758
275
-440
1727
474
-328
-82
-325
453
-709
238
-559
1295
549
53
-289
358
-505
460
599
97
445
120
152
57
-1246
136
-417
-54
756
-207
-995
-871
305
-8
387
359
500
1100
166
-1220
-41
-54
16
703
366
-219
-578
-974
856
143
731
-429
-1436
-303
510
429
-271
785
-12
-538
-666
-93
145
-82
-670
2
1036
-369
-235
358
1308
-767
540
71
-406
364
1210
496
-424
-372
432
276
257
-871
-472
580
495
-492
329
894
-877
177
-639
-472
-19
279
-185
-1043
42
954
282
129
-500
-224
361
-76
-408
-495
130
868
577
-245
-218
-219
-656
288
465
-310
-546
-160
-7
1287
-55
578
-996
-222
663
944
-91
-282
-408
59
292
-1523
-234
121
-502
320
319
274
331
-511
-835
-531
74
805
664
782
432
-1105
312
741
236
16
-774
-397
139
201
-25
-265
-475
3
-368
-792
206
376
161
47
-16
-211
-222
-425
675
-61
-329
-1052
-205
253
-365
215
-635
679
123
435
656
-146
-55
-469
679
-1275
658
-161
251
440
98
466
-94
-596
-257
-682
336
-68
-175
-181
-564
-48
645
414
-108
112
-971
735
-66
-24
28
952
-109
246
221
-117
-405
610
-253
216
-22
-427
-293
-334
250
-302
304
243
140
74
-128
31
4
28
91
8
28
34
51
-2
11
1
-0
-0
0
1
-3
-10
-9
5
-24
-2
-32
105
1
107
88
113
101
-82
249
-330
-244
288
-391
-113
-500
125
-155
342
543
-674
130
255
-655
713
545
-896
-230
-336
113
-616
23
341
-1031
548
22
128
1109
206
-133
-137
433
-80
-493
-477
305
-194
-576
915
-698
52
218
-809
872
687
13
-576
18
693
-327
686
443
-503
238
-814
-789
-560
41
-175
-426
-845
-360
-580
-15
-437
-270
90
135
740
434
-583
705
-401
-107
883
219
247
673
548
1033
36
224
-88
320
-27
307
-524
1093
592
-441
-47
-735
1436
-673
373
-702
-60
78
305
-601
246
371
-394
453
-127
-937
933
-498
198
559
-35
-336
-676
-598
342
1044
320
-261
833
388
-498
-633
408
1348
-527
86
406
-491
-505
-901
-32
105
-485
-17
-620
1256
-286
-759
126
-364
-355
133
541
-235
2
194
95
-675
-29
738
-621
-707
-255
-229
-570
-307
-322
-710
-165
1158
-616
-395
-307
189
-302
-554
863
-100
878
480
-202
354
546
173
-857
522
-428
-234
159
126
1049
-309
-552
434
551
211
-345
-291
-579
-133
-174
436
-65
225
155
133
539
-431
555
268
43
1247
467
-425
179
11
59
159
141
-548
-664
62
-747
182
-420
-224
289
417
-407
-453
-180
417
694
336
157
315
1543
430
291
-638
-380
-1505
50
143
-30
-857
-466
-443
906
-776
799
-436
-97
290
-63
698
-72
486
671
-377
-223
58
316
-316
83
174
-599
267
-518
-369
-889
-636
-145
113
796
659
-229
-204
-1296
742
-469
29
-900
-983
-616
529
1018
-99
704
410
321
-796
-397
367
-110
-45
-653
-227
-460
-42
10
989
423
23
-294
-242
-344
1133
615
892
-366
595
-96
511
347
-528
343
73
-635
320
670
35
310
-630
-556
-84
960
423
149
448
48
-278
-215
-677
-3
113
-276
1658
648
-89
1067
-1673
8
-320
484
102
467
-795
-81
-278
-361
-20
1016
-329
-30
-115
-49
85
-1149
-755
39
-75
-290
-224
-564
-170
-196
536
491
-822
680
266
110
-160
-45
-190
-349
-135
-637
334
-341
-123
-924
-495
-87
1131
456
462
-970
-371
23
65
-956
-449
780
-113
534
-323
363
-19
218
791
-488
-141
174
-589
366
1255
511
-606
97
89
891
1064
-195
336
-672
-791
-123
461
-650
29
-524
-845
-56
1084
14
327
-361
-112
-413
-167
-264
454
590
-164
-834
242
-313
-930
284
916
460
158
379
-249
1057
-51
956
484
659
-446
-60
990
-427
-798
-595
301
381
-583
-416
-822
738
-343
9
303
534
256
84
-113
-216
-220
-609
-140
-327
71
-72
1100
279
253
309
-20
-1046
464
328
526
1128
-1109
504
244
-289
-2
-87
332
-184
52
385
55
-258
-1044
-207
447
-963
-630
-609
-841
-472
-890
-101
-408
131
67
14
-791
449
458
-385
488
1078
40
386
401
431
-883
464
-704
-653
43
-407
70
-878
237
358
975
-575
-236
402
-184
136
977
-12
486
10
560
192
-1046
297
348
-164
318
-118
171
-536
62
639
672
-465
454
276
204
-1583
503
-76
-744
-915
355
406
-775
483
366
-682
-476
798
-368
-244
282
78
-231
470
-76
1299
60
-142
-321
58
159
517
43
-636
44
-414
-692
-29
336
-8
16
573
-385
199
871
763
-490
-414
-0
-135
-854
734
876
946
939
464
-110
96
-189
-1192
-586
103
407
667
-346
-661
-204
-448
-255
-942
-1026
210
471
-167
779
746
848
-1241
-397
-725
49
6
-351
598
702
427
750
144
-711
251
-333
-146
620
-888
-188
-505
-746
-16
-722
224
397
750
-146
-115
-808
-195
-226
-526
611
206
-157
346
-794
167
900
31
1015
521
-100
350
-20
732
31
-350
-534
-1053
-246
281
566
245
-355
-514
1094
-182
-834
-28
-524
-357
-180
235
187
511
-174
45
157
95
472
-614
567
734
-267
650
245
-784
850
-317
400
91
-801
-522
-579
227
-771
158
82
-195
-110
530
-633
651
872
-1318
-336
231
383
-871
1255
477
-593
204
-45
512
892
238
299
-816
645
-277
338
183
-394
-185
-183
50
-115
34
-747
38
-172
385
76
493
-1005
725
-346
33
-259
-149
-11
-206
386
196
-247
-1421
670
-730
433
35
-759
213
-330
448
-255
-629
-308
722
-101
206
347
326
479
393
-498
502
666
-661
-179
96
-581
447
-148
-340
509
1100
38
-444
-925
4
432
676
379
-292
-879
251
1104
-665
-33
-489
602
-549
-6
-1430
-720
987
-29
-119
91
429
549
577
787
-487
70
-106
419
-642
249
489
287
-44
883
-434
-130
-443
-656
-574
-876
669
315
1333
-464
359
-523
-282
-308
-240
-1576
-33
366
4
-80
-365
185
-725
412
-314
244
-473
-444
820
135
178
-252
202
525
-246
419
-158
737
840
240
108
801
-202
-827
265
259
-50
-685
1022
-405
-241
-896
712
48
75
1416
-326
807
44
-513
-344
-30
-36
299
-715
-1134
287
255
1017
20
-172
-10
-897
-754
845
289
351
240
-298
518
719
-770
-722
205
334
10
-923
-444
-831
-112
-485
425
-21
-646
-820
-47
85
-273
-83
888
-339
-185
-175
125
-415
-69
455
-211
643
-956
-123
-224
470
-190
-188
441
193
-446
-720
626
-57
408
337
40
-230
286
580
-539
197
558
916
765
247
-450
825
-331
-266
564
-372
-243
-99
221
601
271
-5
-192
194
43
801
62
-153
1420
-449
506
-65
-715
-203
-505
-160
-556
-131
-322
852
323
-607
924
-1289
109
289
-815
-240
-226
122
745
-482
238
-441
26
-403
379
621
-323
427
-407
-695
-377
121
-440
-30
-334
875
10
613
426
472
370
-266
722
-860
-579
626
-781
-210
-865
203
-236
494
746
-885
164
309
-767
810
603
-967
-243
-349
115
-625
23
342
-1031
548
22
128
1109
206
-133
-137
433
-80
-493
-477
305
-194
-576
915
-698
52
218
-809
872
687
13
-576
18
693
-327
686
443
-503
238
-814
-789
-560
41
-175
-426
-845
-360
-580
-15
-437
-270
90
135
740
434
-583
705
-401
-107
883
219
247
673
548
1033
36
224
-88
320
-27
307
-524
1093
592
-441
-47
-735
1436
-673
373
-702
-60
78
305
-601
246
371
-394
453
-127
-937
933
-498
198
559
-35
-336
-676
-598
342
1044
320
-261
833
388
-498
-633
408
1348
-527
86
406
-491
-505
-901
-32
105
-485
-17
-620
1256
-286
-759
126
-364
-355
133
541
-235
2
194
95
-675
-29
738
-621
-707
-255
-229
-570
-307
-322
-710
-165
1158
-616
-395
-307
189
-302
-554
863
-100
878
480
-202
354
546
173
-857
522
-428
-234
159
126
1049
-309
-552
434
551
211
-345
-291
-579
-133
-174
436
-65
225
155
133
539
-431
555
268
43
1247
467
-425
179
11
59
159
141
-548
-664
62
-747
182
-420
-224
289
417
-407
-453
-180
417
694
336
157
315
1543
430
291
-638
-380
-1505
50
143
-30
-857
-466
-443
906
-775
794
-430
-95
279
-59
647
-65
428
573
-311
-177
44
230
-218
54
107
-347
144
-259
-170
-375
-244
-50
35
217
157
-47
-36
-190
89
-45
2
-49
-37
-15
7
6
-0
-0
0
1
-1
3
-11
12
11
-15
107
61
213
44
-89
-8
-223
119
-44
-292
-42
-208
-580
213
98
240
239
917
34
259
-395
-246
219
-77
-423
242
260
461
592
-167
-430
755
209
652
-257
-383
597
-259
-497
66
397
-398
494
-549
-523
-822
-55
568
244
-165
194
-947
419
536
564
-333
868
-60
-152
-475
399
-18
177
516
-553
-68
-30
662
295
316
-518
-73
491
-353
-153
16
59
-5
430
-448
-459
23
357
276
-456
1365
489
-335
-95
164
115
153
-416
21
289
-273
-314
69
41
-441
-466
-755
-205
-116
-478
153
-641
52
-909
48
196
-88
622
-586
4
-693
-1396
-132
-268
-277
84
-343
663
295
-997
173
-421
333
19
174
-81
222
217
-566
714
590
-79
167
146
-554
-1007
-421
-38
-9
-122
-674
419
268
1131
-606
835
1014
-5
495
305
254
197
-197
-396
696
65
309
122
354
819
-217
33
-219
-892
721
495
-22
901
474
-1159
1003
-70
-443
134
622
361
694
3
-175
-420
-13
-1244
-429
407
-28
1026
-609
-126
-238
639
-1050
-115
-1167
464
901
180
-274
-145
724
-856
-65
325
610
746
-133
-546
-825
-267
-710
195
207
668
-98
283
-665
-123
16
-409
739
-1154
-493
1675
-213
-234
-229
959
-1018
426
288
-513
-21
-0
203
-79
-110
-531
116
-84
-214
-648
189
153
1093
-216
-102
-463
1169
-752
-295
422
-20
-420
428
-395
-14
-1396
146
-180
357
872
-432
775
895
-818
-224
-567
49
-116
-206
-191
779
31
-809
343
-1006
1437
337
391
529
-852
567
-358
-180
371
66
-367
-547
-202
646
-67
243
-33
-885
-570
890
432
40
-649
-79
255
-509
1111
-290
490
-588
428
443
46
167
351
-858
311
-1018
-63
-495
-413
-1336
267
199
717
-691
-186
162
-1093
-31
749
219
-60
-247
-450
-557
-189
547
247
1728
119
-559
-248
1518
619
-409
-356
152
734
174
109
937
223
-24
661
522
-232
-184
-241
-443
-194
-217
23
1039
75
60
-186
-419
-52
220
93
237
377
-8
-552
-370
-156
-434
453
350
47
-385
20
-87
-175
-189
-895
-562
-463
719
-995
162
141
823
130
201
344
365
-550
230
-467
657
163
91
805
0
-355
151
288
-26
-87
-581
-339
-587
-211
-348
583
-730
751
-371
-425
-341
326
140
-452
-402
-97
-647
164
270
1095
315
-559
-884
159
-425
-576
1030
303
534
-58
-63
260
113
-392
394
-302
-57
-514
-683
295
353
-627
-165
630
-1220
446
-87
-291
463
153
-198
2
-63
-193
1023
966
-415
-269
1133
-491
-656
324
-452
131
267
18
344
-613
-153
747
602
1228
-81
-783
256
465
-646
-911
-1061
-227
-744
-450
196
270
477
-229
821
529
51
-720
-335
-609
-298
151
229
402
531
-508
495
-924
-116
401
-57
304
-187
1506
615
506
-109
587
-816
-1020
228
981
250
-550
814
-69
156
578
-1051
-833
43
51
240
-367
857
-68
-785
1158
589
-23
-247
-783
11
225
594
752
297
-299
946
86
-555
161
475
757
-540
85
-1489
172
-1353
187
313
-1367
587
-84
640
126
-319
-819
482
-1354
204
-306
586
-759
966
1213
-523
79
-660
136
-27
37
-427
3
408
293
-382
-99
-358
-993
-429
363
22
-1023
1194
-138
-557
84
-281
-141
-21
612
208
123
-30
328
-686
267
-347
435
-505
259
-6
790
-42
733
370
-167
-907
216
-614
-107
-39
736
-232
-761
-230
-682
433
-343
-440
227
-331
638
345
478
1348
152
-394
-1400
421
260
1097
-265
-1454
-181
982
116
-98
-257
792
-184
-774
-125
107
-424
373
313
564
118
280
104
381
462
-31
27
-81
316
-400
-258
92
-58
-210
-390
-46
-25
-401
-101
-295
-609
159
-42
494
694
116
-247
170
-217
246
422
61
217
-107
602
461
-856
16
-356
-114
99
521
-296
94
-231
298
1151
667
-515
113
227
-839
-584
84
370
-839
44
-586
-213
-285
670
-20
-138
124
-172
705
1126
207
-691
-215
775
-144
-374
55
646
-120
1102
-250
421
-840
-340
-606
-108
-189
-30
-781
-784
831
59
-81
54
-1309
412
1735
-790
167
440
-831
-733
-33
-150
1017
-185
-360
-1466
-37
-254
-329
48
111
951
30
1
272
-211
384
-460
817
635
-698
-662
-357
-945
360
175
-608
646
209
-651
-832
102
-193
-150
-18
-394
-973
-479
758
652
157
-287
611
1104
298
-47
-926
129
1215
618
-156
409
604
35
276
-239
-97
120
91
-163
735
108
283
-393
-385
272
249
303
-597
659
471
586
-126
361
-141
874
-133
-878
790
-678
-328
270
-762
-188
-39
-300
-361
-681
84
113
491
-156
-37
693
614
988
85
-334
176
263
204
-469
-108
-1032
104
-773
-336
96
-1010
620
70
-587
120
442
677
96
-917
321
26
-650
-500
-338
319
13
-599
659
33
27
217
778
-825
-1526
1680
669
-197
-237
-1003
-871
-134
45
130
29
-435
213
-100
281
-93
784
-779
-541
-435
-130
605
-224
697
620
-570
494
550
-659
62
603
-457
-59
268
-461
163
154
1202
-148
-299
-222
397
443
155
-378
892
254
354
-115
-182
20
-81
544
85
-689
-178
43
239
-173
186
179
-1595
915
-404
-887
-22
794
287
-609
444
-71
165
374
196
-19
327
385
415
999
276
-509
-544
-52
-25
129
306
146
-563
-112
568
233
-229
-522
317
-733
399
189
-239
-287
-848
-78
-432
119
234
34
-1700
-605
-16
63
-820
-323
117
-533
-337
-230
-74
-227
-478
975
651
338
-83
-192
-234
-280
584
-240
199
-447
302
205
-202
1117
505
1452
248
-433
-31
-815
386
-127
-762
-99
-452
-1160
394
170
389
365
1327
47
340
-498
-298
257
-87
-468
262
274
479
607
-169
-433
756
209
652
-257
-383
597
-259
-497
66
397
-398
494
-549
-523
-822
-55
568
244
-165
194
-947
419
536
564
-333
868
-60
-152
-475
399
-18
177
516
-553
-68
-30
662
295
316
-518
-73
491
-353
-153
16
59
-5
430
-448
-459
23
357
276
-456
1365
489
-335
-95
164
115
153
-416
21
289
-273
-314
69
41
-441
-466
-755
-205
-116
-478
153
-641
52
-909
48
196
-88
622
-586
4
-693
-1396
-132
-268
-277
84
-343
663
295
-997
173
-421
333
19
174
-81
222
217
-566
714
590
-79
167
146
-554
-1007
-421
-38
-9
-122
-674
419
268
1131
-606
835
1014
-5
495
305
254
197
-197
-396
696
65
309
122
354
819
-217
33
-219
-892
721
495
-22
901
474
-1159
1003
-70
-443
134
622
361
694
3
-175
-420
-13
-1244
-429
407
-28
1026
-609
-126
-238
639
-1050
-115
-1167
464
901
180
-274
-145
724
-856
-65
325
610
746
-133
-546
-825
-267
-710
195
207
668
-98
283
-665
-123
16
-409
739
-1154
-493
1675
-213
-234
-229
959
-1018
426
288
-513
-21
-0
203
-79
-110
-531
116
-84
-214
-648
189
153
1093
-215
-101
-457
1140
-723
-279
391
-18
-370
365
-325
-11
-1063
106
-124
233
538
-250
418
447
-377
-94
-217
17
-36
-56
-45
161
5
-118
41
-96
106
18
15
13
-12
3
-1
-0
-0
-1
3
-3
-5
11
-7
24
-68
6
44
-88
37
38
-121
282
-116
190
-187
84
-166
36
-79
-133
-438
364
-34
-107
-271
78
-90
414
-423
-61
298
324
0
-614
-330
-660
481
-401
1162
262
-110
34
55
435
670
462
-55
-40
142
327
732
-213
-255
-643
-99
1042
-461
1230
431
-506
262
-527
58
292
940
739
520
284
-737
294
219
765
311
366
142
-33
94
116
1313
-789
-473
621
-48
573
-410
-715
-655
-25
111
-754
157
232
-942
-431
-212
-164
519
-364
30
-511
-393
472
402
-727
1207
-779
-499
441
-530
-235
-1199
219
-217
168
-111
-453
163
328
120
-119
107
-614
-111
712
362
-399
1090
-1717
446
996
-516
395
583
-489
-705
805
-672
-313
-191
-1316
-686
-1084
-258
215
640
-194
319
-285
425
1317
-509
400
190
-69
-512
398
-326
423
109
275
216
-131
-86
615
-467
-1344
-943
43
-668
-877
320
962
-191
246
651
142
272
84
856
659
529
291
-234
163
-865
469
204
-1364
458
380
-643
809
440
-27
213
46
173
638
-571
408
102
155
-877
-145
4
265
-742
231
392
-790
81
-766
1371
831
-553
-786
586
922
141
-107
364
-525
263
739
60
-197
-12
120
630
171
85
-560
-7
-1214
188
-290
425
-420
-13
24
-643
-113
191
990
234
-723
-56
-849
-368
222
-363
593
108
-285
-1145
127
360
-694
724
-251
-593
-51
16
315
-341
-19
249
1373
-2
261
7
-532
-85
-44
-253
142
519
-670
-568
201
1089
685
-589
568
-166
-859
-58
258
317
1088
-198
-1063
-28
429
1038
-776
55
-62
493
-17
-501
329
498
-342
211
991
-399
-231
-487
12
13
-218
504
-21
-167
-403
-389
527
-251
531
269
-217
-965
-550
24
-101
91
645
-693
-49
56
-298
-431
493
-778
-116
360
339
-1202
175
-43
459
20
-497
-934
-431
633
-331
-551
-634
259
-31
456
-222
1016
571
-51
-140
356
-103
515
4
47
-244
-400
817
141
48
-101
124
43
-355
386
-331
508
-1117
267
-127
718
748
27
185
-497
-13
350
-373
-165
-241
-553
404
565
760
782
242
79
-413
-95
-251
-762
-631
718
-142
724
166
227
807
400
176
-825
550
289
-483
-822
-698
-239
90
638
-326
-439
428
-97
-80
-769
28
-228
492
1448
269
145
338
296
761
308
-341
-352
-1365
-873
-116
-250
-529
-443
656
57
498
422
265
-610
333
-500
-279
-412
-135
-407
343
-533
220
-663
503
534
-334
428
-151
1
-659
936
-265
-206
-521
-374
1326
-493
147
394
290
615
-192
1320
98
-634
-552
619
1412
-329
327
61
-988
547
24
-1132
-517
-682
838
250
0
-471
-430
26
-1200
108
-213
-363
-973
-363
-814
163
-250
122
-361
-86
369
-186
-16
517
-32
167
-37
333
1025
8
702
901
148
199
-122
103
141
105
-37
-341
1012
189
-736
-333
662
-254
371
531
-62
731
-42
-177
-1
-43
-215
-501
-1085
1
-141
-438
-225
-157
388
466
-145
110
-435
-186
525
228
268
-426
-53
-41
-72
230
-131
-377
-436
136
528
-1115
-533
-250
121
-228
814
1012
14
644
-201
-1254
-338
279
-595
844
1234
-41
-483
462
247
571
41
854
838
-101
-141
305
515
-901
533
-604
-316
127
-451
181
204
-1050
-437
65
-147
-293
-1126
-148
460
27
-308
497
975
138
1041
205
-249
-342
-450
-697
-480
-120
-490
-749
-88
-616
205
10
421
180
42
1277
-203
218
286
210
26
-56
-17
-479
212
508
245
268
132
-78
-154
-1145
-38
-438
-1127
377
-396
497
14
248
-314
-286
-267
211
168
1175
-499
711
1016
591
372
928
1259
-392
139
-277
298
889
-532
86
1195
-405
-642
-1019
-929
375
-166
-294
72
-283
-88
-609
-744
-642
717
-388
-653
132
106
-559
199
629
-267
60
-1180
-1421
-626
42
209
67
-190
-171
357
-199
-576
582
21
224
1014
-749
-366
-318
519
-219
-408
-8
-151
-120
18
441
187
665
-560
654
81
586
534
-233
-861
-1039
199
709
818
411
687
-212
693
-34
-251
289
493
530
576
-291
-102
259
122
-8
-264
435
-907
440
910
22
330
-204
-298
-126
141
-748
1160
-505
472
-12
-531
-1349
653
361
-539
462
-607
-1009
-1171
413
424
-479
408
1739
-152
98
-1077
669
-734
25
206
341
54
119
37
657
88
105
566
-364
785
-1235
-1249
-60
102
125
-161
-319
-313
625
126
6
971
139
147
210
312
329
-232
-638
237
-754
-14
-270
744
926
108
-186
-542
-308
-994
-495
-251
-508
-288
1187
1007
-150
-259
-311
-948
722
-318
185
-350
-414
1052
730
-981
-194
62
203
31
-682
826
-572
265
-49
381
85
-940
761
-291
-197
-873
-396
-711
-68
316
-779
13
-588
4
-602
-488
505
871
240
-34
-609
437
42
86
304
-20
565
-321
-156
85
-932
-94
-130
70
-352
1519
469
642
638
227
-116
-737
-46
-647
758
307
526
-142
96
-13
-480
-205
346
273
-432
-307
76
1197
-746
467
821
-374
1125
444
-607
-1403
-238
514
-168
-215
765
107
-140
153
832
-222
603
-413
66
254
136
-827
-773
443
662
421
106
753
-14
-64
193
41
-279
633
114
263
333
-40
-115
44
-392
-518
-613
675
37
95
-291
621
-62
203
-465
-1294
27
-352
-35
-134
372
76
-218
-502
-250
858
-554
154
-207
54
321
2
-684
-107
-697
-407
437
226
114
-513
580
-472
-94
-299
608
-328
572
203
445
-1336
214
-1261
141
171
-239
-475
325
767
-234
-67
-776
-461
440
-252
-222
285
-136
331
-708
47
299
-504
180
158
-441
913
-336
495
-444
183
-332
67
-136
-216
-669
527
-46
-141
-342
95
-106
471
-468
-66
315
337
0
-622
-332
-661
481
-401
1162
262
-110
34
55
435
670
462
-55
-40
142
327
732
-213
-255
-643
-99
1042
-461
1230
431
-506
262
-527
58
292
940
739
520
284
-737
294
219
765
311
366
142
-33
94
116
1313
-789
-473
621
-48
573
-410
-715
-655
-25
111
-754
157
232
-942
-431
-212
-164
519
-364
30
-511
-393
472
402
-727
1207
-779
-499
441
-530
-235
-1199
219
-217
168
-111
-453
163
328
120
-119
107
-614
-111
712
362
-399
1090
-1717
446
996
-516
395
583
-489
-705
805
-672
-313
-191
-1316
-686
-1084
-258
215
640
-194
319
-285
425
1317
-509
400
190
-69
-512
398
-326
423
109
275
216
-131
-86
615
-467
-1344
-943
43
-668
-877
320
962
-191
246
651
142
272
84
856
659
529
291
-234
163
-865
469
204
-1364
458
380
-643
809
440
-27
213
46
173
638
-571
408
102
155
-877
-145
4
265
-742
231
392
-790
81
-766
1371
831
-553
-786
586
922
141
-107
364
-525
263
739
60
-197
-12
120
630
171
85
-560
-7
-1214
188
-290
425
-420
-13
24
-643
-113
191
990
234
-723
-56
-849
-368
222
-363
593
108
-283
-1130
124
346
-656
671
-227
-522
-43
13
250
-259
-14
172
899
-1
151
4
-266
-39
-19
-97
49
160
-183
-136
41
191
100
-71
54
-12
-47
-2
6
4
7
-0
0
0
-1
-4
-8
11
-27
34
6
34
13
-66
-220
-66
-42
-16
-76
271
-91
22
-397
-46
237
-117
-234
86
-193
-25
-154
452
-383
485
341
367
-180
-325
757
55
480
127
-837
115
-88
-567
914
65
1326
1070
1063
-579
-203
-335
381
214
-780
-597
480
1186
1015
-86
381
48
474
754
-64
120
-285
263
474
144
103
-148
-111
-267
-502
-536
-531
-112
119
342
-374
-447
411
91
419
-363
-216
-1732
830
1222
-25
13
-377
223
-518
767
-763
787
-242
-390
300
-199
-255
-244
1054
-403
213
-328
468
-1205
5
1162
-858
-381
-294
-190
-78
-362
-1313
-527
705
151
197
-270
-110
315
-598
394
159
-327
-704
142
1158
-95
272
-173
-828
-136
90
428
335
244
-16
-1066
53
423
236
418
-241
-617
164
478
-874
-85
-648
-220
24
-865
-224
261
-416
90
633
54
-283
196
-660
335
198
619
-564
-360
-40
564
-321
769
71
-275
432
409
118
811
327
-244
98
295
753
-975
1019
583
95
-607
-50
240
-113
107
183
854
684
-344
144
-761
-209
347
258
-24
-1154
-244
730
569
289
-186
-305
251
-380
-318
-55
-1267
551
-348
-5
-392
-82
-536
565
-853
348
-164
-975
275
-177
131
-67
-236
598
95
-621
448
272
555
184
1126
151
-70
-32
-320
-291
305
762
-153
523
764
138
1018
-761
271
-167
-302
-116
298
-28
-483
-28
98
644
-938
417
-141
-965
293
168
-525
-543
-1
-99
296
183
-348
-497
441
-706
608
-282
87
-441
482
-281
376
-397
224
-513
434
1050
-104
-519
-296
22
-42
585
18
422
-1211
-202
-1174
-98
-888
693
-184
85
-339
964
-1228
-424
197
326
37
-220
645
-313
485
117
-818
153
706
201
113
-1
27
499
324
-413
460
-273
-245
-177
-493
396
660
-530
571
55
-437
485
839
-447
-612
723
-501
-879
348
-67
236
1076
683
-1266
-719
-241
218
-956
94
608
173
60
-84
-603
412
1677
-130
95
-331
-344
-49
-730
388
-39
485
-105
-13
163
-557
-39
393
-385
128
518
-315
460
160
207
498
127
341
376
-459
-200
-125
719
-14
604
-32
-613
-47
515
-723
-40
-61
134
-778
-793
99
-131
-529
-824
142
780
-93
72
826
348
-408
-81
-475
-346
220
-396
926
-87
253
7
158
536
-350
677
263
346
114
-235
-69
206
-506
-428
931
-68
-505
-53
-505
-638
16
-166
-320
-280
271
-584
116
-385
-352
132
507
-122
880
-891
1032
-443
71
837
-1280
-81
511
48
-534
-517
-273
1239
-131
-142
245
-54
-804
1084
143
-532
-31
-294
646
1486
531
-335
-431
-611
-446
115
-1005
615
353
499
123
-421
344
502
-842
-459
-200
-143
-362
903
593
-455
280
-451
373
-1059
-755
-449
690
88
-348
-74
-263
132
-200
654
-66
289
434
-1538
1207
332
-366
654
403
128
11
624
-633
215
-575
-50
-639
160
580
233
213
48
283
-1038
-13
883
-381
210
112
-642
-252
-257
120
34
-272
-447
772
572
912
-46
21
-86
564
-6
235
284
646
-857
-615
241
-158
-639
-515
-261
215
-92
-913
439
342
41
-786
-47
-544
-20
868
36
751
185
-203
658
115
974
-133
-201
-558
-367
-272
131
-194
-953
21
662
216
225
299
526
625
-196
-305
171
35
-186
-626
1160
-448
-319
-274
-975
-210
-952
79
-490
-630
649
255
-294
-256
85
471
-572
992
489
363
73
734
-332
-574
409
466
906
801
1116
-73
-1248
-610
523
-191
323
484
-792
-1380
-822
198
735
-531
-104
-253
785
-385
-1218
649
697
-1103
-1121
634
87
-24
226
-75
82
99
-496
-56
-96
42
-250
347
-551
354
61
-532
196
1514
56
-1165
-486
-230
379
-264
-347
1024
-143
147
175
738
796
1572
557
-1054
9
162
76
-352
-519
201
818
-319
691
238
-7
-766
-847
-685
2
448
569
316
163
-230
-871
556
1004
-1095
-180
544
162
409
471
-431
-114
-1532
-20
-164
-593
44
-59
-713
604
-68
-737
-64
919
1196
-478
216
-348
77
-130
-101
-661
384
5
-554
-334
-147
-420
203
-196
-97
1262
186
-26
1054
-453
-517
643
-383
637
-561
-603
-287
-664
-293
-673
-460
48
-87
-268
576
-73
354
99
491
380
550
-31
-297
800
-119
-360
515
-567
725
592
491
-185
-736
-202
386
459
-163
211
162
1104
812
840
-330
240
-1
-459
-67
-843
52
775
1089
-2
461
-86
-272
351
-161
-565
795
-311
-215
-276
231
87
-990
154
-193
913
-157
-824
-932
-1184
32
295
-77
-368
-174
-812
775
-707
-612
612
-833
418
-773
-314
55
34
-603
934
460
911
-548
-276
-190
357
583
-282
-321
-201
-291
-40
-473
463
-445
-668
-339
130
-77
-415
241
-160
-449
269
578
-132
-184
66
-42
-127
1559
1030
117
94
547
-889
-454
-1484
-670
-469
-324
-258
142
389
-78
-10
1075
958
611
24
524
110
-36
241
-170
-237
97
-991
604
1028
12
229
1222
476
446
465
-1474
47
-1146
-647
564
537
133
-183
325
84
-631
645
503
127
-103
320
43
23
584
-445
244
-565
59
-98
-95
-119
534
-359
-587
-94
110
902
181
721
261
-557
-524
-137
153
-617
-337
-257
-807
392
33
-482
92
199
137
-36
-254
-379
383
634
-320
817
628
275
422
-335
-687
372
-83
-15
228
413
-54
-356
332
-846
11
401
-1432
51
189
-1409
-344
-375
219
438
-1552
803
356
193
-513
-218
-333
-659
565
916
784
578
-1010
517
33
265
108
188
129
-255
-105
-16
94
97
-43
-824
-710
-612
441
-703
624
84
354
112
-452
-1258
-320
-175
-57
-247
785
-238
51
-862
-92
439
-203
-379
131
-279
-34
-202
570
-465
568
387
406
-195
-344
787
57
487
128
-839
115
-88
-567
914
65
1326
1070
1063
-579
-203
-335
381
214
-780
-597
480
1186
1015
-86
381
48
474
754
-64
120
-285
263
474
144
103
-148
-111
-267
-502
-536
-531
-112
119
342
-374
-447
411
91
419
-363
-216
-1732
830
1222
-25
13
-377
223
-518
767
-763
787
-242
-390
300
-199
-255
-244
1054
-403
213
-328
468
-1205
5
1162
-858
-381
-294
-190
-78
-362
-1313
-527
705
151
197
-270
-110
315
-598
394
159
-327
-704
142
1158
-95
272
-173
-828
-136
90
428
335
244
-16
-1066
53
423
236
418
-241
-617
164
478
-874
-85
-648
-220
24
-865
-224
261
-416
90
633
54
-283
196
-660
335
198
619
-564
-360
-40
564
-321
769
71
-275
432
409
118
811
327
-244
98
295
753
-975
1019
583
95
-607
-50
240
-113
107
183
854
684
-344
144
-761
-209
347
258
-24
-1154
-244
730
569
289
-186
-305
251
-380
-318
-55
-1267
551
-348
-5
-392
-82
-536
565
-853
348
-164
-975
275
-177
131
-67
-236
598
95
-621
448
272
555
184
1126
151
-70
-32
-320
-291
305
762
-153
523
764
138
1018
-761
271
-167
-301
-116
294
-27
-465
-27
91
582
-826
356
-116
-766
223
122
-363
-355
-1
-57
160
92
-160
-210
169
-244
188
-77
21
-91
85
-41
45
-38
17
-28
16
26
-1
-3
-0
-0
-0
0
6
3
15
34
4
2
-29
-29
-50
-28
12
131
-128
262
62
267
390
-866
46
207
60
-81
-344
-557
29
-37
58
361
135
42
-123
876
254
580
-530
364
1226
565
-1027
-882
-99
-157
9
719
-558
67
-453
-813
113
-766
229
156
-745
-286
453
484
-181
379
481
27
-77
-293
400
996
903
-324
129
-306
-534
-633
496
20
-303
23
-283
-346
-465
-1385
-213
543
424
578
931
-488
-691
603
-578
-1358
-575
-1
-418
811
-501
15
161
78
61
604
-284
744
-69
-631
136
-881
349
663
227
103
-81
-493
-73
178
279
32
112
874
40
-529
333
-114
442
-481
-69
-556
205
284
-230
157
278
-123
230
220
510
-725
-664
392
-304
-551
-1027
546
-323
890
-665
215
775
-470
192
-630
-178
219
445
102
-69
905
223
-848
-126
-188
712
562
198
-377
431
30
-555
-591
460
69
-589
528
-162
-80
54
-496
118
-516
-400
-416
430
463
-207
-233
920
557
515
838
-743
-304
1265
397
-536
204
623
151
-369
684
-445
21
339
305
-477
271
216
30
49
-701
72
628
2
-17
-113
-86
-488
-139
-821
-501
-678
457
-395
25
-394
504
39
-105
-395
-102
680
-1215
428
570
778
194
-389
-243
764
-413
80
-665
-945
-33
118
879
210
325
-391
-744
-281
184
1253
-299
643
263
-355
259
-668
-265
-400
198
193
-576
-763
-395
395
-49
1039
229
-1209
-121
-250
121
397
-675
331
284
1047
337
-458
-116
479
59
387
-147
-1099
503
-115
-84
-160
-215
422
392
-568
-981
-19
-613
-313
376
-411
78
-701
-108
802
-335
970
252
32
145
-1316
-139
167
-472
947
170
202
-431
1166
367
517
557
-1436
38
-108
521
-334
-1121
-388
786
-168
-38
-159
607
-94
152
521
450
-16
-539
1159
463
-424
99
672
-512
-38
-82
-843
542
-987
-290
57
-170
999
-816
28
1118
106
-364
-472
1008
346
-286
631
113
560
265
-430
809
353
294
-6
618
546
-129
-818
260
-1126
274
-668
-491
40
-915
219
-332
289
-33
-405
197
-538
478
180
605
209
-225
7
-330
847
-695
347
487
1332
307
-510
-754
-196
-1065
-181
-296
-205
-71
446
-761
268
458
200
-200
223
5
-1621
593
-331
940
559
-966
-155
-732
-896
-746
-251
583
248
-366
-563
-483
514
-258
1111
-740
-640
-141
-235
126
228
430
-727
40
38
-589
-656
662
485
98
512
-290
1450
191
55
98
238
95
355
21
-763
866
146
-467
80
1115
-375
233
725
378
-508
-75
-874
630
-946
-358
-543
251
-40
988
-561
468
-342
557
529
-631
605
41
163
-517
282
-580
203
-377
-186
-779
417
1740
-1021
-249
-485
-393
443
-370
441
-98
463
-111
439
-296
129
460
-345
375
356
1613
345
-650
544
330
-249
-639
1070
-794
-97
-273
443
-31
165
-759
-629
-7
-23
817
897
260
94
-201
-231
486
-889
-610
145
-462
-594
1113
-551
-1625
-1207
464
687
-377
597
146
-156
647
1053
150
-614
-412
-168
997
-69
87
-462
-678
-800
88
227
-407
1033
148
499
277
4
-304
-324
-396
-401
-256
-724
-926
345
-51
-597
-194
479
456
548
656
-154
-291
-294
1137
514
360
-705
448
-130
-495
-270
-74
95
-933
-557
-721
-559
1011
695
27
792
-520
-538
-99
-755
-1092
719
-302
-952
-271
-42
690
-157
-587
-713
8
1490
52
118
-242
-435
268
1337
1149
-29
628
1087
425
-718
47
-293
-59
-97
437
963
971
683
262
-259
72
225
96
-484
-272
165
418
-1082
-36
338
572
230
80
80
267
83
-1366
-226
-608
268
-131
-837
11
823
-464
-232
251
273
-715
-92
370
-518
-64
27
-51
278
630
-49
-904
-83
-94
-744
-142
298
-498
607
-161
-756
269
-947
-344
-252
478
1015
-19
843
375
477
-654
324
834
687
63
-574
-531
-450
255
-371
698
0
195
-338
-255
-908
434
-281
19
146
550
-354
16
169
-762
256
-6
-423
49
-483
-466
777
-144
-649
-379
520
180
162
-22
779
-357
933
37
576
1141
-54
-94
-66
-706
-3
-419
-142
-271
804
-420
-501
366
57
228
-539
137
-304
-250
-77
-787
35
495
-323
715
152
-413
-352
-738
362
466
-794
-157
554
-655
604
1577
-333
266
-373
-500
-385
-91
195
773
-444
1358
93
67
187
1327
-368
-51
-956
-473
634
-205
461
29
158
16
-64
-184
-305
-241
-578
-327
-227
-247
532
-1355
452
-367
-620
370
-459
-131
603
-115
-478
-32
-107
-1213
-222
-10
242
48
487
-588
520
267
547
200
209
-351
-366
146
256
678
-651
681
1036
878
99
-676
996
118
-420
264
804
68
-19
974
8
41
-68
-94
-853
-595
-396
628
436
879
-626
-930
289
-376
302
-115
357
844
-590
437
-207
-439
68
38
259
-261
-410
-1033
386
-157
-504
-531
768
681
-1017
-408
-286
-294
287
49
639
-41
-1135
-383
991
-167
-117
-755
-542
628
47
681
26
498
-469
-294
-281
-278
158
83
-154
-86
-644
580
-147
692
349
-666
233
560
300
216
111
100
-651
-1026
-289
-324
658
-455
401
-128
218
794
1115
188
-548
260
164
1140
-79
-464
350
353
220
329
63
1168
-829
101
612
-718
-1277
-476
-181
63
202
-304
1078
-97
-237
-331
-111
264
-880
-1032
-721
547
456
-724
908
-531
-844
-366
-504
-962
274
64
109
703
1201
627
-358
299
-420
-211
86
-543
95
344
-46
-560
-840
-4
719
496
-245
-50
-414
-331
736
-999
241
470
-532
-278
-241
673
86
53
1009
241
595
882
78
23
-299
-244
-343
-160
57
549
-469
848
180
697
925
-1880
91
384
103
-132
-526
-806
40
-48
73
438
158
48
-136
946
268
603
-543
369
1234
566
-1027
-882
-99
-157
9
719
-558
67
-453
-813
113
-766
229
156
-745
-286
453
484
-181
379
481
27
-77
-293
400
996
903
-324
129
-306
-534
-633
496
20
-303
23
-283
-346
-465
-1385
-213
543
424
578
931
-488
-691
603
-578
-1358
-575
-1
-418
811
-501
15
161
78
61
604
-284
744
-69
-631
136
-881
349
663
227
103
-81
-493
-73
178
279
32
112
874
40
-529
333
-114
442
-481
-69
-556
205
284
-230
157
278
-123
230
220
510
-725
-664
392
-304
-551
-1027
546
-323
890
-665
215
775
-470
192
-630
-178
219
445
102
-69
905
223
-848
-126
-188
712
562
198
-377
431
30
-555
-591
460
69
-589
528
-162
-80
54
-496
118
-516
-400
-416
430
463
-207
-233
920
557
515
838
-743
-304
1265
397
-536
204
623
151
-369
684
-445
21
339
305
-477
271
216
30
49
-701
72
628
2
-17
-113
-86
-488
-139
-821
-501
-678
457
-395
25
-394
504
39
-105
-395
-102
680
-1215
428
570
778
194
-389
-243
764
-413
80
-665
-945
-33
118
879
210
325
-391
-744
-281
184
1253
-299
643
263
-355
259
-667
-263
-395
193
186
-545
-707
-358
348
-42
857
182
-920
-88
-173
79
245
-391
178
142
482
142
-176
-40
148
16
92
-30
-193
74
-14
-8
-12
-12
16
10
-8
-6
-0
0
-0
-2
-1
4
30
21
11
27
106
117
-141
-75
-164
73
94
-154
270
-156
-213
156
-319
141
183
655
-40
-482
588
-54
-1133
595
-313
-565
-568
-421
110
-67
467
-794
-571
-285
-309
-108
-231
857
593
377
-886
1327
-645
8
872
189
-75
-287
95
263
418
-127
182
-170
322
-410
87
124
132
517
133
-1029
766
-279
-110
427
-58
-1016
-1327
46
267
-948
62
792
705
-774
217
-259
-965
139
98
381
427
-1288
612
219
765
-676
-699
693
280
346
-77
260
486
-410
477
204
612
545
74
188
-14
349
29
358
-84
-378
7
238
-652
-504
-446
-86
134
298
-4
-182
-194
292
-1047
806
-75
22
-430
-175
354
410
-19
87
149
150
-326
106
-863
-288
-43
-1113
343
56
-762
-249
-163
-440
927
157
-48
-155
34
419
-114
-405
-276
218
1337
256
-255
789
-724
-460
1470
550
-161
-478
-294
764
-288
24
183
-735
-259
-373
-87
61
33
530
540
676
1200
95
246
75
-99
1479
-334
-368
-198
24
-86
-380
10
353
-560
-284
-39
-818
-421
203
802
-4
-530
-534
-150
81
-204
-110
863
-209
905
-632
150
69
-802
340
-811
188
187
-257
416
410
701
110
-217
41
-969
802
-202
-972
763
-588
-1171
-466
381
-440
-523
139
359
-72
590
-474
-361
7
791
-139
-495
1086
289
-743
-570
86
345
-1164
-226
-227
-523
-191
-198
485
-1162
-170
-417
-109
53
346
719
381
-385
-963
902
758
-196
758
314
503
-176
759
884
918
-83
80
-601
418
209
248
933
-205
-27
169
312
-359
412
-797
-311
-623
-598
60
592
-173
-24
674
-97
252
218
-404
328
-527
-339
-386
216
-973
-206
569
263
188
-369
1223
-345
485
444
-756
255
390
27
97
-657
555
36
557
-72
216
-724
-1041
-347
-329
-241
-279
-138
-55
91
-284
-286
302
-1024
-236
575
612
830
-79
-388
-257
900
280
144
279
-433
490
275
47
-83
-637
355
-374
-147
-997
-692
231
-359
-891
-461
335
292
80
771
-196
436
119
1284
400
-442
-2
149
-184
515
426
-790
280
447
673
376
-257
-347
-233
655
420
401
-529
-392
-340
187
-685
-27
-547
-478
139
-820
-225
146
434
-191
433
473
-203
-704
33
770
387
-496
135
-257
-224
277
121
343
426
-47
-330
-516
-12
653
221
-127
-345
639
876
-455
-1095
-258
120
69
366
-614
977
146
-85
-344
645
627
339
-236
-333
-1560
-2
-327
817
-56
384
-116
-1034
-511
612
-194
-200
553
28
342
-1357
-799
-784
792
-246
199
-678
-959
954
-301
-1182
-120
465
662
209
168
-1005
206
57
340
-381
-48
1479
-135
-894
173
-256
164
524
589
-364
346
-628
-257
142
262
-135
1440
467
-674
264
841
1153
-278
-244
-510
-619
52
21
79
1061
285
225
121
512
147
-301
73
-50
-523
383
1138
-206
747
224
-540
887
546
-798
378
-87
191
-484
-493
399
-298
115
-950
246
-290
1005
-672
523
-123
-602
138
-478
-468
257
-415
-424
-287
-717
-35
441
-283
-945
-327
519
-311
46
813
-895
456
1205
433
-414
121
11
121
133
756
290
-475
-44
-271
197
-146
-1120
438
-458
305
570
419
680
193
-630
-211
289
-742
2
-1721
-788
-658
-280
-294
-1065
-799
285
-267
272
143
-849
1511
7
333
-215
283
-274
-295
629
-391
-646
-315
-246
479
-92
-763
1689
19
811
138
-116
1125
-236
-530
-452
169
415
291
842
586
424
728
-791
10
675
50
37
809
-682
-844
20
234
-65
-432
-471
350
548
-113
-157
-23
-92
-288
270
712
20
177
-455
-684
323
-46
132
-537
-145
-341
-911
-162
508
302
785
-361
533
298
514
-135
-812
-89
362
-367
-57
166
370
437
497
-148
-481
-65
13
412
-53
439
-43
285
-342
-74
120
740
233
1502
-183
-328
-945
242
986
1179
689
-545
-191
-456
414
-25
-1307
-1086
671
-297
623
314
102
-725
-657
105
-4
-3
-519
-656
-131
115
-593
-185
232
266
283
213
-177
-194
-578
-343
890
-279
-440
296
657
823
-920
-782
-417
-103
400
-246
-713
755
217
-550
347
-925
-631
-1121
-558
-334
-141
-298
-378
-176
615
-227
-447
846
-1050
363
-404
262
315
607
1124
-645
422
338
600
-619
-160
-1049
-537
-740
-76
326
595
682
-437
439
-263
-273
630
545
429
759
-79
10
-509
319
1148
531
-773
736
256
43
894
-269
284
-300
-323
-254
364
1099
447
-714
250
566
251
-34
217
20
-577
128
909
-78
-3
333
352
-389
30
375
909
-511
-552
224
-741
861
-770
-450
-654
908
524
667
-414
-255
-499
-111
-998
27
-482
-556
-442
-283
281
-380
682
-31
-360
213
-245
118
-346
-855
869
330
-808
-474
21
-63
96
780
217
-696
632
71
323
371
-197
-218
455
-898
942
-152
404
-76
-1052
210
-461
-634
1018
762
1239
194
-116
-622
266
-477
-31
452
-630
-518
127
504
-1139
242
-711
732
619
-385
-258
-48
388
-941
-690
-706
-1102
692
-531
1148
-217
335
403
-1035
291
543
694
-537
891
-433
111
-688
-345
-272
88
-1238
-825
-27
-811
641
1250
-252
-374
345
-343
-5
-453
-5
-121
673
16
517
-546
550
478
333
80
-44
555
21
-60
135
521
563
572
-379
-272
-263
-713
260
82
248
118
-538
481
502
155
459
341
277
641
81
416
503
-115
-43
537
17
-198
474
255
1068
-1165
-89
-518
257
-718
-781
534
365
166
-61
-560
-1181
195
-457
-471
-281
-373
-627
559
-528
407
-22
-1285
-180
262
1215
542
194
362
1110
975
-962
-429
-795
305
344
-498
781
-406
-504
338
-637
261
317
1062
-61
-697
808
-71
-1427
722
-366
-642
-627
-454
117
-70
478
-805
-575
-285
-309
-108
-231
857
593
377
-886
1327
-645
8
872
189
-75
-287
95
263
418
-127
182
-170
322
-410
87
124
132
517
133
-1029
766
-279
-110
427
-58
-1016
-1327
46
267
-948
62
792
705
-774
217
-259
-965
139
98
381
427
-1288
612
219
765
-676
-699
693
280
346
-77
260
486
-410
477
204
612
545
74
188
-14
349
29
358
-84
-378
7
238
-652
-504
-446
-86
134
298
-4
-182
-194
292
-1047
806
-75
22
-430
-175
354
410
-19
87
149
150
-326
106
-863
-288
-43
-1113
343
56
-762
-249
-163
-440
927
157
-48
-155
34
419
-114
-405
-276
218
1337
256
-255
789
-724
-460
1470
550
-161
-478
-294
764
-288
24
183
-735
-259
-373
-87
61
33
530
540
676
1200
95
246
75
-99
1479
-334
-368
-198
24
-86
-380
10
353
-560
-284
-39
-818
-421
203
802
-4
-530
-534
-150
81
-204
-110
863
-209
905
-632
150
69
-802
340
-811
188
187
-257
416
410
701
110
-217
41
-969
802
-202
-972
763
-588
-1171
-466
381
-440
-523
139
359
-72
590
-474
-361
7
791
-139
-495
1086
289
-743
-570
86
344
-1156
-223
-222
-503
-181
-184
439
-1023
-145
-344
-87
40
252
497
250
-238
-557
487
379
-90
320
120
174
-54
207
211
189
-15
12
-72
40
15
13
36
-5
-0
1
0
0
-0
-1
-3
3
-5
17
-23
-51
46
22
29
114
199
-222
-174
-131
99
-188
86
-469
221
375
-321
275
70
442
-418
-277
-228
-107
628
-750
437
223
522
-56
-122
-393
176
-514
-71
-149
-240
-34
-23
447
-226
129
-685
612
1469
-299
-505
399
-705
1026
239
676
-825
-131
-268
205
230
394
-401
-1145
485
842
-481
641
269
409
-205
287
352
499
1409
310
-428
-369
-364
1320
115
-461
-427
-213
283
-624
434
244
-393
405
137
-291
-207
-223
-314
11
102
281
253
-161
209
-765
-735
-4
-194
91
720
-1043
34
-96
-200
508
90
77
-430
-716
-139
134
-4
-915
559
-242
68
49
-219
-269
128
-630
-744
6
-47
-447
1045
19
-415
1082
-398
-166
-999
676
-82
-729
-42
131
465
33
172
-460
-397
-446
496
851
-21
524
343
-118
148
271
-94
212
200
-727
851
198
681
-94
-157
-602
-275
253
-548
258
-405
315
4
-209
-347
-473
662
-372
235
-490
893
-372
-681
-439
-744
121
524
-152
-249
847
-795
669
12
-36
687
187
-436
631
308
221
-585
533
128
907
353
-177
-211
-263
150
12
-1095
797
510
68
-131
465
434
-106
-172
737
-119
146
-826
-231
328
-194
309
-530
357
38
124
-387
181
-125
480
2
1007
-211
847
353
-525
141
391
-713
-1021
-170
233
-410
316
316
-164
1141
-798
-109
-1214
-448
454
-1024
549
-138
-77
161
426
-674
-548
-284
392
-355
-426
-64
-173
191
-601
234
206
14
-258
-57
-295
142
791
-404
80
434
62
-497
-5
-241
-129
-119
503
252
263
160
91
-370
-213
425
867
119
-360
-401
483
767
-406
53
-433
-219
-345
175
-1191
-211
181
-230
232
922
364
-101
4
500
239
86
-561
-600
121
-1429
178
1745
-364
16
870
-116
-707
278
33
-499
-257
524
-702
29
-58
-265
93
881
478
317
-261
-1003
-501
-566
-470
820
486
38
1623
-728
591
-502
-223
-69
45
-130
47
-303
-525
-542
43
683
-20
-36
835
256
381
116
-44
421
-536
140
-1036
-773
183
-203
-647
-490
654
831
-515
172
331
-505
-370
1052
-193
666
97
-84
503
478
107
178
1076
158
235
36
849
225
-349
-122
-524
98
-331
-281
-725
246
-881
-1241
-9
-135
-441
-1059
9
210
711
1394
796
75
-199
540
1376
-143
-817
-866
-562
323
-84
387
-7
88
-139
122
314
-31
740
141
-84
-802
840
-1080
-382
-12
595
-369
-428
-116
80
145
320
199
-487
252
310
-124
692
-373
-480
32
567
168
-1190
-921
-176
-266
60
141
-1524
1092
114
317
-80
193
-643
-237
-810
-286
724
-238
443
675
-41
146
-638
-230
-1284
-7
970
-1274
602
278
-53
-527
683
-72
-433
728
-292
453
-970
-137
755
813
-426
-523
378
-798
375
556
-161
430
-466
373
1112
698
-294
-88
269
-97
-1171
40
475
339
1019
-694
-457
260
774
793
180
-786
207
-921
-202
-1655
-297
723
-450
301
-430
-475
673
496
631
-454
-637
357
-902
816
986
26
638
871
71
548
1083
866
14
540
254
213
1493
-198
237
904
229
-195
105
-699
52
-80
-915
-507
-275
340
-865
-784
-751
-539
-458
-170
-639
-595
-376
-161
-510
-946
-597
508
1244
659
495
-124
-185
66
-255
102
-840
-1451
-313
1
462
207
693
-151
84
-924
-323
-21
452
26
173
225
146
113
-1063
458
-308
193
52
-153
191
-353
980
212
352
36
-64
137
-85
-681
-740
652
-204
-112
-757
-318
43
1329
-315
92
-640
69
702
895
376
-165
-18
1219
-824
-745
464
62
-165
412
710
649
150
-372
29
-1683
578
-465
573
380
423
-162
502
-1123
226
-672
-704
801
529
407
-972
-63
-647
-160
315
-174
-969
1020
710
35
81
-110
334
306
-271
-776
254
248
-197
-339
33
39
-691
-23
-377
1141
679
93
419
530
-84
-870
602
858
514
-283
-896
22
-485
-624
-353
-194
1505
258
358
69
-30
-121
-75
-398
135
223
-594
722
-291
289
196
-452
357
-632
-595
612
-370
-487
-215
614
369
124
175
-69
-718
419
126
-874
1054
820
-234
534
-883
-827
-759
-635
1186
125
268
-306
324
1
488
-239
-323
-494
-89
-658
-537
-3
143
894
187
-270
14
1213
-968
-418
729
-369
-449
-484
168
-831
-715
266
-266
17
741
-325
-674
64
645
-1060
-150
-123
49
131
-400
382
353
684
235
1855
-238
506
-45
-102
-645
-718
-110
1
-637
-962
182
352
604
369
754
647
196
370
287
140
40
423
254
247
274
-588
-282
340
-254
-482
68
257
-626
545
399
-869
-107
-26
-280
-370
849
369
-552
61
351
999
346
-464
455
136
349
136
-160
-984
-230
-627
-555
628
-634
-526
787
-243
350
-504
-87
957
-223
-551
-799
506
-1077
-71
446
118
-1053
-1055
200
47
290
-320
-701
-531
-236
958
336
173
638
15
-132
-93
133
155
476
607
808
-537
347
-332
289
-369
808
95
-145
410
-253
-1149
415
-1126
-1256
890
-116
253
105
52
1177
574
-767
-316
-288
-342
-639
771
-354
-99
-217
-37
477
110
433
1290
-707
-882
582
-257
878
894
265
600
179
-180
-396
972
-121
-367
918
383
117
556
-225
-276
217
622
792
-487
132
-222
-1259
-143
-67
-331
-513
433
-755
89
-158
-1034
-279
-552
-819
340
51
590
466
-442
164
-430
-1086
526
133
-870
-135
-148
-114
415
-414
-358
290
-765
-27
231
-212
582
222
586
170
-428
-164
439
1168
404
597
-435
64
-61
302
-305
-512
-101
108
-330
-448
194
-199
455
-423
-696
487
183
200
652
968
-930
-638
-423
285
-491
204
-1019
441
696
-555
446
107
639
-575
-364
-288
-130
735
-852
483
240
552
-58
-125
-398
177
-515
-71
-149
-240
-34
-23
447
-226
129
-685
612
1469
-299
-505
399
-705
1026
239
676
-825
-131
-268
205
230
394
-401
-1145
485
842
-481
641
269
409
-205
287
352
499
1409
310
-428
-369
-364
1320
115
-461
-427
-213
283
-624
434
244
-393
405
137
-291
-207
-223
-314
11
102
281
253
-161
209
-765
-735
-4
-194
91
720
-1043
34
-96
-200
508
90
77
-430
-716
-139
134
-4
-915
559
-242
68
49
-219
-269
128
-630
-744
6
-47
-447
1045
19
-415
1082
-398
-166
-999
676
-82
-729
-42
131
465
33
172
-460
-397
-446
496
851
-21
524
343
-118
148
271
-94
212
200
-727
851
198
681
-94
-157
-602
-275
253
-548
258
-405
315
4
-209
-347
-473
662
-372
235
-490
893
-372
-681
-439
-744
121
524
-152
-249
847
-795
669
12
-36
687
187
-436
631
308
221
-585
533
128
907
353
-177
-211
-263
150
12
-1095
797
510
68
-131
465
434
-106
-172
737
-119
146
-826
-231
328
-194
309
-530
357
38
124
-387
181
-125
480
2
1007
-211
847
353
-525
141
391
-713
-1021
-170
233
-410
316
316
-164
1141
-797
-109
-1197
-437
437
-969
508
-125
-68
137
352
-535
-417
-207
271
-232
-263
-37
-93
95
-277
99
79
5
-80
-16
-71
29
139
-59
10
41
5
-27
-0
-6
-2
-1
1
0
