-15
6
-8
21
5
27
-16
27
-12
-34
92
12
-55
91
22
-173
-1
213
356
-235
-151
53
-282
-119
-135
-145
-282
291
70
913
472
-186
151
69
-492
-867
115
96
105
-725
134
312
70
-420
-835
219
583
-621
-479
-831
-991
1562
-152
571
-681
477
-288
-145
-762
-778
740
401
5
13
114
-828
454
47
262
474
281
1016
224
-610
410
-921
408
740
494
-1029
-623
-442
-451
-222
-275
199
1589
177
-535
-36
-422
-176
781
465
639
-866
-629
274
181
1497
-285
-986
-708
365
-247
-86
906
272
-109
-649
-15
21
-36
-1367
169
277
-410
-1053
545
479
-666
700
-440
-702
-112
1131
565
-172
-233
389
582
701
-923
-291
348
480
-884
1158
454
97
534
-390
-299
-7
613
-198
-1291
-115
377
474
318
-429
-37
414
80
-331
-899
-203
586
688
-10
423
-375
-542
194
621
-389
-215
-1100
93
440
458
700
-1087
-317
318
1107
169
390
-444
1140
264
-1005
56
-344
-663
70
-92
564
588
-91
-773
-985
-669
82
34
1257
207
-902
351
516
814
450
-403
-175
138
392
319
41
-157
482
-535
-694
-125
184
60
301
32
221
-517
-149
651
401
67
-1069
80
-394
-74
-421
-866
274
-708
702
118
579
-585
525
-14
-936
439
-758
393
-113
390
695
261
-4
-192
-655
468
-356
316
-535
-618
-714
624
-248
685
-633
-575
199
-239
-677
-33
519
-235
409
451
-379
-192
668
-436
1096
-127
200
-1109
-198
-512
-1175
178
-17
596
20
-504
-37
-724
30
1
-245
-442
562
816
130
1415
532
1124
-972
-489
-38
-31
262
759
1265
28
105
-631
-349
-124
26
-895
645
-423
710
283
-24
881
-388
-164
603
244
-1135
1138
-515
149
689
-570
-190
625
24
133
-416
-201
284
-107
193
-328
-174
-118
-182
-506
912
-622
-305
1580
260
-1071
127
-214
13
491
245
38
351
-131
-432
-405
-218
531
-248
-139
-86
317
-456
1062
501
350
342
-54
-306
222
-916
-314
-378
-1092
-452
235
-16
-1281
-349
846
-281
-935
734
543
878
-706
-651
691
-724
266
224
-995
322
428
-656
-523
877
129
656
-79
-83
39
777
-491
-686
31
893
409
-729
-680
653
-255
292
753
-267
246
-184
560
986
-29
-604
4
71
-109
84
221
888
-973
-213
-440
-954
667
-1086
-473
-694
144
-672
-834
226
-17
868
1083
160
499
352
-663
72
-60
-344
480
179
-235
-669
246
332
384
-840
-249
26
489
-433
1865
-105
-947
425
196
695
-667
113
567
-474
281
-680
-289
-330
-337
67
-65
-615
-653
1086
652
-115
386
-389
-1243
-715
-474
841
-411
814
834
884
784
865
-785
-203
356
682
574
205
695
-275
461
-591
180
-65
-125
502
-1043
-487
-32
425
-596
-895
-47
-595
-722
193
-1058
556
-1763
-84
354
235
1659
-641
-123
-112
434
1015
290
75
50
512
-756
-799
-131
916
393
426
739
-1086
171
-131
755
-625
589
-105
190
-355
40
-85
-1028
1523
-181
-150
562
-577
332
326
-831
-818
757
5
502
200
-976
131
-400
410
12
180
-275
247
1417
-1058
-651
318
117
968
-407
-304
670
571
-1239
-47
298
423
-1051
-488
172
-34
96
-309
475
-1052
-721
-373
1578
32
250
-385
728
349
293
-387
195
-475
-777
-193
-426
188
-731
222
65
848
-376
616
882
-260
-488
-57
-1069
-409
715
-1219
-200
-1343
-376
51
-1201
998
1176
-304
249
-541
-339
479
-171
-263
-547
135
-204
-172
688
-99
-17
-759
74
749
234
475
114
-257
-19
893
139
303
59
-58
814
-5
-568
929
-1561
-116
547
592
-226
1015
407
-52
-65
82
389
-580
383
231
497
303
-65
108
167
740
-281
728
-158
-522
687
-1087
-153
905
-578
891
97
256
766
-818
-184
48
22
71
237
1514
918
-171
495
-832
345
-340
216
-538
0
-911
-279
422
316
-23
-273
-76
564
540
-838
-1025
-160
-242
-266
-36
-869
-599
559
-421
-735
492
307
-1608
-715
-484
-53
738
-787
-794
50
-484
1
-534
-956
-580
478
88
382
515
347
-79
250
-413
431
538
-193
-457
-807
-46
-762
205
552
264
-706
380
-1049
820
878
873
-564
565
90
435
436
263
856
364
888
286
-1007
-57
570
-1248
16
204
245
93
457
706
283
-435
240
-1113
445
260
-1301
103
-249
290
-80
-154
459
-294
-554
390
345
-642
-234
-551
-142
804
-20
403
841
-266
-431
531
-573
923
-857
41
18
-345
489
-103
-343
-680
-97
952
1168
775
585
176
-280
25
986
41
-212
153
-157
-669
-163
381
-220
-384
633
-414
-540
-254
495
-978
-247
-160
690
-99
644
342
-432
-71
248
-283
-198
-110
-269
-703
-108
164
1016
-459
-1062
168
-573
-148
217
-751
-320
-8
-296
382
-553
697
-265
1228
1067
243
107
527
-561
202
218
838
-857
-611
172
-1168
112
230
914
-88
167
397
115
743
443
1050
-578
-21
-92
-627
-576
-1133
1134
-762
614
423
-293
110
-623
-551
-112
105
-129
-537
-604
-632
-368
125
134
170
151
-474
351
-514
-558
-624
379
510
-671
-877
-340
525
-152
1363
135
52
125
646
-211
-22
-59
253
220
110
-378
-378
573
303
-42
447
771
133
-330
506
-237
-587
121
118
75
-545
68
-106
627
-5
490
-177
-966
145
-454
-1055
-522
65
-478
23
479
-473
357
610
214
555
50
-1147
527
199
386
724
155
1063
211
703
-678
115
-1
-162
116
-448
78
888
-680
-748
616
-365
-489
-512
80
-167
1115
57
89
-512
-359
111
-304
588
796
550
398
-181
168
-90
-424
637
-34
-272
299
70
-627
-16
501
829
-556
-316
58
-503
-227
-220
-240
-402
356
76
1083
542
-233
156
55
-529
-918
110
82
100
-740
131
302
67
-428
-836
212
582
-627
-479
-836
-991
1557
-152
567
-681
474
-288
-147
-761
-780
741
400
7
12
116
-829
455
47
264
473
283
1016
226
-610
412
-921
410
740
496
-1029
-621
-441
-449
-221
-273
201
1591
179
-533
-34
-420
-174
783
467
641
-864
-627
276
183
1499
-283
-984
-706
367
-244
-84
909
274
-107
-646
-13
23
-33
-1365
171
280
-408
-1050
547
482
-664
703
-438
-698
-110
1134
568
-169
-230
392
585
704
-921
-287
350
483
-881
1162
457
101
537
-386
-296
-3
616
-194
-1289
-111
380
478
321
-424
-35
418
83
-326
-896
-198
589
693
-7
428
-372
-537
198
626
-386
-210
-1097
98
443
463
704
-1081
-313
323
1110
175
394
-438
1144
270
-1002
63
-340
-656
73
-85
568
595
-87
-766
-981
-661
86
41
1261
215
-898
360
520
823
454
-394
-170
147
397
328
46
-148
487
-525
-689
-115
189
71
306
43
227
-506
-143
663
407
80
-1062
92
-387
-61
-414
-852
282
-694
710
133
587
-569
534
3
-927
456
-748
411
-102
409
707
281
8
-171
-641
491
-340
340
-517
-593
-692
648
-222
706
-593
-536
225
-201
-591
-5
495
-175
378
384
-247
-113
503
-259
718
-47
150
-528
-50
-190
-410
88
34
188
42
-79
29
-81
37
24
12
-1
48
42
25
30
20
20
16
19
15
21
-7
22
-10
6
-71
-34
18
-59
78
17
227
48
177
486
-361
254
203
34
-111
-422
-11
-603
662
229
-522
453
-142
-715
1167
379
-162
-142
-56
140
-874
546
-356
-938
231
-938
96
650
353
-124
126
647
252
-286
-330
579
-757
-39
613
-901
624
-645
-803
490
633
150
-690
217
239
-433
1210
255
634
755
4
-400
-196
178
317
-202
-372
-476
-556
-226
-872
-663
-750
-612
521
-399
-463
328
-1210
-359
14
-498
-240
-217
310
683
112
271
-71
287
44
84
-969
1627
-83
909
-1037
363
674
91
517
-491
-10
227
242
-678
541
1
-171
950
-637
-307
588
-803
498
390
530
-54
-600
-1162
-67
598
-75
-295
1080
450
-109
-1123
790
940
-197
787
792
376
57
-720
487
-230
189
-687
-282
1377
-375
-4
112
-284
-579
187
330
-178
142
454
338
-749
581
864
-53
-205
178
-75
-232
-109
-235
-1352
44
708
-522
-290
-580
294
-1215
-527
-244
-685
674
-148
-183
20
934
-150
-312
518
-705
-103
-679
197
910
-480
-466
135
621
356
192
-148
-412
-448
-396
86
-496
155
-521
328
-117
-545
319
-537
-126
1209
339
79
338
138
303
561
782
-287
162
-58
-406
262
-708
-267
83
528
-535
-447
-967
121
-136
297
-892
477
938
1303
773
923
-34
-806
117
516
142
-280
-943
-91
109
-688
847
-1034
318
-681
167
31
-207
561
793
-195
97
118
607
-394
915
-99
363
404
318
39
-553
-774
-560
-615
907
309
952
-538
-420
540
-58
638
-764
-974
-1596
152
-162
-274
352
602
653
-799
42
11
344
-105
-268
-487
-606
-910
-487
379
276
-53
-164
-1068
-756
49
380
444
-335
553
-515
1066
-124
-20
400
85
-938
504
60
658
367
-238
-991
-304
408
176
193
769
190
431
-187
-540
-107
-735
-861
1677
-381
1627
708
-513
-49
-204
278
579
674
-299
379
-240
-555
113
983
-173
638
-107
1017
457
-495
-486
215
-130
142
-260
-420
-513
-653
661
-132
-721
595
52
518
-127
591
-272
462
-487
-3
96
264
-74
-712
-1210
-478
349
706
686
-693
-72
80
316
-1514
-245
-295
-93
4
-498
159
-698
417
464
-501
104
-308
-1197
-120
931
300
-515
-165
-701
1084
587
743
865
-21
-627
424
275
-96
410
-437
-1258
-175
395
138
463
-117
139
-400
-278
-725
446
584
-29
-663
649
-950
-1105
-668
440
-428
416
-689
-48
46
-229
539
585
956
-571
678
1257
246
-266
-571
734
311
240
-703
-493
398
-695
-107
-157
550
175
558
0
467
-245
-142
-465
-305
-797
-340
529
27
357
728
-83
-1052
342
-709
1278
535
-583
857
144
220
-26
230
438
-99
445
670
941
373
-569
671
862
-201
380
-361
-30
-609
-593
-527
-628
-282
55
-481
-1169
183
-384
-1028
144
340
-94
214
822
414
-251
1125
-890
236
-554
277
-589
-810
-700
302
571
-715
-209
16
-918
75
202
-29
239
-115
1088
33
-823
445
-166
175
35
271
-2
-603
-374
732
237
-89
418
1168
263
-935
1092
-3
-257
-1265
801
-453
-462
343
574
-1112
-14
277
-404
-465
280
-617
-65
-587
-69
973
195
125
-305
-33
46
884
93
-53
408
-408
-676
-311
75
-567
120
60
-739
-239
806
787
-160
-172
269
-660
-1294
-65
-137
703
885
898
414
1228
359
-543
-499
-137
480
1137
16
260
42
310
187
-781
-1331
24
-625
-390
-37
1293
919
-357
-57
-888
173
-768
-659
-72
158
219
1204
137
3
518
-428
610
735
-332
634
-648
-11
-528
-775
-461
262
543
336
174
-615
96
-792
-664
286
-332
105
-18
-1377
-22
-259
-348
819
118
219
83
167
1083
420
686
-254
-767
-596
0
399
525
-675
-174
1306
-182
-28
16
-387
-562
-450
-305
-33
289
-438
107
-408
374
-78
-844
536
176
-278
1134
-262
-92
678
-249
1233
251
226
-558
70
-89
-691
114
-123
-454
-24
153
-1174
1374
357
-749
-671
393
-581
-1020
1152
-121
-289
-192
-643
363
379
813
97
-315
650
-439
970
42
343
-283
339
-179
630
-212
-187
-402
-9
-177
712
4
-441
735
-343
512
-466
345
-461
149
171
1162
-587
-499
291
-912
966
-562
-101
-368
-128
372
-151
-1009
-400
56
-540
-132
-171
-35
521
131
-620
844
565
-391
316
-241
-395
402
-546
-697
279
1052
493
-46
-995
-194
-166
852
502
145
-1339
912
445
211
-270
156
520
226
514
-1809
-539
209
-415
-437
-562
-29
-232
803
487
-31
-33
238
258
-739
188
272
69
285
1215
-91
979
-339
461
-1275
-508
-679
611
751
244
774
14
248
535
17
-1523
125
-288
384
-513
243
-386
-416
31
-359
350
-1157
-448
99
-71
-38
-736
199
-190
-254
-196
-767
422
372
96
209
1342
-325
-201
10
755
-624
-18
775
57
-306
-1062
651
-1220
571
433
48
1159
373
51
-45
92
312
981
-794
-761
-503
57
907
111
554
397
-1029
-742
339
-144
611
-46
-214
871
1171
-464
-115
135
1089
307
180
-249
-285
-331
-405
607
245
-389
-761
-135
-172
-794
-60
615
-350
-6
-283
267
-965
295
-426
466
305
-613
-341
-432
365
-685
-137
162
453
-897
-611
-81
-561
181
-20
-93
-767
387
-103
-774
-532
-134
381
866
-63
-12
962
-579
327
389
-170
-282
-445
-44
375
274
-25
-193
-133
-231
937
-796
569
918
12
1328
206
296
67
88
-15
-329
-372
-684
1213
-443
611
707
-990
790
105
-386
-217
-713
325
321
-129
331
-378
103
-966
756
-51
373
578
142
-647
42
-308
-212
-800
-465
90
-465
361
-27
817
80
503
1205
-863
499
400
20
-197
-721
-20
-904
908
272
-661
525
-169
-834
1287
391
-174
-164
-60
129
-882
536
-358
-946
230
-945
94
644
351
-128
125
643
250
-288
-332
577
-760
-41
610
-902
621
-645
-806
490
630
150
-693
217
236
-432
1206
256
630
757
-0
-399
-200
179
313
-200
-376
-474
-561
-224
-877
-661
-755
-610
517
-396
-468
330
-1215
-356
9
-495
-246
-214
305
686
106
274
-77
290
38
88
-975
1630
-89
913
-1043
367
668
95
511
-488
-16
230
236
-675
535
5
-178
954
-644
-303
581
-799
491
394
523
-50
-607
-1157
-75
602
-82
-291
1072
455
-118
-1119
781
944
-205
792
783
380
48
-715
478
-226
180
-682
-291
1382
-384
1
102
-279
-588
192
320
-173
131
459
328
-744
571
869
-64
-199
167
-69
-244
-103
-247
-1346
32
714
-534
-284
-593
300
-1228
-521
-257
-678
660
-142
-197
27
920
-143
-327
525
-720
-96
-695
205
894
-473
-483
143
604
363
175
-140
-430
-440
-415
95
-515
164
-541
337
-137
-536
298
-528
-148
1218
316
89
315
148
278
571
756
-276
135
-47
-434
274
-737
-256
52
541
-567
-434
-1000
134
-171
311
-929
492
899
1318
731
939
-78
-789
71
534
92
-261
-996
-71
54
-664
779
-993
250
-631
99
37
-238
485
599
-153
20
84
367
-264
513
-66
146
190
99
1
-258
-287
-217
-190
174
39
126
-106
-89
22
-41
3
-64
-56
-56
-32
-34
-34
-34
-33
-35
-34
-40
-62
-28
-97
-86
-32
-24
269
4
160
-67
-78
207
21
-193
243
-506
-558
-309
-262
-484
77
515
191
525
-438
-14
165
-225
-616
-98
-326
404
547
-406
-382
382
96
1112
-564
386
493
161
-621
602
-112
361
598
136
-367
-888
-427
428
-220
440
-326
-948
-201
356
-44
-176
845
70
18
-549
472
-590
731
120
-141
-479
-86
278
528
465
-491
326
417
-163
-18
18
-59
186
669
-476
-263
-474
541
-653
-396
1185
482
54
164
248
512
388
-171
468
556
108
100
567
544
309
105
-454
343
-296
201
37
-19
110
-988
281
-460
476
527
66
935
-500
-833
-181
-631
-294
-472
-735
914
-252
-490
-258
-666
29
-384
43
-581
439
-525
-678
399
314
-15
595
575
-53
-862
-353
-535
117
-921
-846
-856
-26
104
-1386
662
-25
38
111
263
173
487
-614
-246
174
-151
116
-353
455
709
-33
712
-641
-821
330
-111
-302
1427
-158
-516
1063
-268
-335
-134
299
367
1041
464
505
342
706
-1414
214
-766
684
529
133
-363
623
473
-174
-185
-1610
367
270
497
-653
502
427
-800
-155
-286
795
867
771
-113
-9
-439
-657
-349
92
380
241
553
-615
421
-540
239
760
-1869
-44
905
19
-461
252
686
-1102
1062
-253
146
-398
398
-74
576
-360
12
-139
439
-660
-347
-834
337
495
330
-628
162
978
-710
6
501
-211
137
316
403
-4
-1228
-2
-1204
504
-68
-627
1068
800
-132
113
-547
262
-360
-299
-583
1224
-686
203
-834
-1051
851
-394
1122
28
-165
643
-473
118
389
412
-124
-634
-209
398
-142
804
81
-884
-818
675
220
505
-1014
608
-958
131
191
221
142
-530
340
421
-45
1029
200
354
462
-293
330
158
-404
-1313
-165
-82
840
-1001
682
-431
-1067
-535
451
-99
321
-368
-231
-1399
-417
-1171
-31
1055
96
-1118
-569
1125
428
-218
-647
-147
353
-436
46
669
-25
-16
848
691
335
350
127
-220
-49
-786
60
709
251
517
-10
-254
-53
96
-7
375
712
436
-146
92
-324
-454
394
401
343
-170
511
-41
723
-69
-109
-1083
104
-20
-1002
-462
-367
383
-231
64
476
224
-221
29
-746
714
-610
514
583
376
-339
634
198
849
102
392
-308
97
-749
307
-154
-240
784
-189
-257
-393
472
242
-265
-23
-369
-800
-514
-177
1130
583
-127
-629
464
-1314
-485
81
180
422
-51
-15
519
-41
55
498
11
526
-619
-500
241
423
-971
623
-38
-937
443
-709
-241
110
31
-361
-13
-809
-674
704
830
-715
245
1200
-522
1
57
-556
129
-139
259
268
-978
-336
-194
556
1498
169
-233
875
1038
395
-224
-482
18
-1118
-519
-705
167
-407
-351
507
812
343
-101
-116
-708
-560
-316
-387
483
36
-23
503
-1315
107
-627
59
-1019
-428
601
558
397
470
1200
-763
-893
-287
998
-338
-114
641
-225
907
947
-696
-414
-390
99
-357
-422
986
-829
-698
828
427
611
-198
-665
-418
-372
187
685
-36
-116
1292
-63
-3
-215
1160
685
974
419
-279
593
-1610
1363
-785
-480
-256
45
463
838
-515
370
55
-898
-184
-404
115
-1664
1401
329
528
-42
-182
46
242
18
-392
-91
564
421
107
596
-52
-777
-516
584
-714
-810
1194
-603
93
-352
-106
-833
-42
-54
373
-337
612
-183
-89
-253
-12
-40
-449
-336
-144
226
-185
859
816
131
-243
406
-637
-102
-236
1271
-370
234
-693
-303
208
-585
-458
-368
-988
260
-935
673
854
1222
-518
-842
-303
214
1497
-66
-1405
-193
406
209
-385
-53
945
-104
-555
-13
-382
-650
-187
-101
245
-117
179
-242
531
296
339
15
363
515
-176
80
218
265
-24
-186
185
44
-220
206
-551
-574
-414
-631
131
477
-31
-73
-18
-502
169
48
116
-9
-300
1071
313
-205
124
-392
-330
55
313
-317
39
-949
85
926
851
-297
1071
362
-108
-676
751
23
-73
-10
-361
-627
-428
379
-357
-102
-430
-794
428
988
525
-767
183
536
73
-663
335
-206
377
833
536
1025
-157
349
-437
346
-54
680
-1257
-374
337
22
395
28
-2081
921
784
-403
702
866
-629
-106
-766
212
814
745
-54
-995
102
-742
-386
-820
-147
543
-290
301
-146
152
-39
-574
1192
845
21
126
-330
-978
606
-511
-335
657
576
-482
-476
-1
-316
-20
156
-328
-1453
-1078
-131
59
-447
-1049
168
491
566
-164
-1401
-367
565
186
-416
427
236
318
320
-128
-102
157
-329
-157
493
158
685
-591
-98
-287
569
-332
-522
100
404
365
127
233
-17
1593
-424
267
902
-441
475
363
-422
233
-10
192
-499
-632
-436
-163
182
-713
-350
-94
396
1106
151
158
224
868
455
626
210
-253
595
-882
531
-556
-717
549
-230
-660
-214
111
1083
8
-387
676
212
-214
-490
-470
432
-553
-468
330
-228
-125
350
1482
-1493
-1148
1274
502
808
361
-476
-750
-246
-343
274
-379
-244
-251
-73
-255
237
894
-610
-143
-1140
-120
-350
-645
578
111
-749
764
151
-614
160
477
-692
360
-340
-322
-744
143
835
-21
-332
-423
59
419
-345
-359
583
155
712
-121
255
-243
135
768
340
-406
-7
-57
432
-403
1299
-427
-764
1063
-666
-828
-574
785
-327
-344
69
-413
-37
93
-63
-316
72
-216
377
1156
756
21
-140
16
-84
166
564
365
-540
109
520
742
-126
269
259
-545
872
201
797
-146
-23
-133
-159
142
1194
442
-1014
-352
87
188
-856
31
-113
-431
-453
-451
-209
-1031
-1041
292
95
470
-201
147
-789
-80
-28
-155
-139
-836
169
-917
-509
-37
97
1679
202
769
-109
-183
706
105
-372
562
-944
-1008
-478
-406
-692
125
748
260
694
-525
11
191
-226
-664
-85
-339
428
554
-400
-383
386
95
1112
-565
384
494
157
-621
596
-111
354
600
129
-365
-896
-425
419
-218
431
-324
-958
-198
346
-41
-186
847
59
20
-560
475
-602
734
109
-138
-491
-83
267
531
453
-488
315
420
-175
-15
6
-56
174
672
-488
-259
-486
544
-665
-392
1173
485
42
167
235
515
376
-168
455
559
95
103
555
547
296
108
-466
347
-308
204
25
-16
97
-985
269
-457
464
530
54
939
-513
-830
-194
-627
-306
-469
-748
918
-265
-486
-271
-663
16
-381
30
-577
426
-522
-691
403
300
-12
582
578
-66
-858
-366
-531
103
-917
-859
-852
-39
108
-1400
666
-38
42
98
267
159
491
-628
-242
160
-147
102
-349
441
712
-48
716
-655
-817
315
-107
-316
1431
-173
-513
1048
-264
-350
-130
284
371
1025
468
490
346
691
-1409
198
-762
668
533
117
-358
606
477
-191
-181
-1627
371
253
501
-670
507
410
-795
-173
-281
778
872
753
-108
-27
-434
-675
-344
74
385
222
558
-634
426
-560
244
741
-1864
-64
910
-1
-456
232
691
-1122
1067
-274
150
-419
402
-95
579
-381
15
-160
441
-681
-347
-853
334
479
320
-631
144
933
-689
0
430
-188
89
261
288
-1
-928
3
-827
316
-82
-332
490
376
-102
51
-237
88
-148
-65
-170
220
-150
29
-128
-75
-0
-16
-16
-4
-41
-9
-35
-16
-30
-23
-16
-40
-11
-42
16
-22
-78
-10
20
-186
136
-247
41
20
48
101
-39
84
-84
92
114
-281
-365
273
-68
-91
-308
-145
-136
394
-766
51
-177
791
-203
122
-964
-387
-700
-742
671
-228
-106
-476
-404
-126
409
285
-105
-143
-268
341
726
46
85
-1305
124
-145
-699
1308
-93
187
-24
-644
-534
-422
466
275
1002
103
-435
-70
-77
604
158
722
63
420
-430
806
1477
-611
331
357
587
1242
338
91
-390
647
80
-351
718
529
-534
54
-632
245
229
103
214
-500
-577
776
-321
-12
1445
-909
576
174
524
-325
-743
42
-442
391
-470
-394
-212
331
-149
314
-70
-692
-519
821
-490
705
659
-1881
967
83
-177
520
1127
-583
275
948
-221
870
154
-341
-553
-1294
-857
-368
35
-588
103
-1458
737
264
-180
244
503
-328
-92
-40
-349
215
-71
395
331
-115
432
1296
291
-763
-496
100
-1087
-1459
-267
84
-902
-29
-133
-105
-425
-417
365
245
822
234
545
130
-696
1151
-226
-1153
595
-488
-657
478
90
-8
203
-325
588
284
-240
467
508
477
-634
51
20
401
-1119
969
-396
67
-968
-963
988
800
-642
-907
150
700
-116
393
113
-608
211
691
67
129
-313
354
449
898
245
642
25
-577
75
-207
590
-531
624
-235
-362
-668
75
1108
418
89
443
-918
139
-440
-152
476
637
-137
-1083
433
-358
-441
815
-503
-260
-586
98
-209
-434
-952
59
795
-12
774
35
-146
-7
-69
-512
396
471
-709
-910
-491
1014
186
-146
975
-195
-639
-323
-381
190
1444
-284
-577
-726
698
616
-455
53
-243
779
-326
-353
220
424
-776
716
775
262
71
-271
210
-203
-76
633
102
417
-672
74
9
-107
652
837
328
-502
-372
-11
-548
521
421
-352
184
308
-451
141
340
-721
-172
692
211
-928
160
-396
939
121
290
-1332
84
125
134
-979
-504
-702
-166
-625
-608
496
352
-253
-3
-83
-111
405
-12
342
-675
-355
518
-23
253
-292
555
-440
235
-219
402
102
-927
-114
-910
676
177
534
185
-367
210
352
-255
160
-656
-848
-318
-205
491
604
677
398
108
402
172
-992
-528
-54
-567
544
-596
387
342
1105
47
-270
901
782
277
-322
-535
-524
0
708
-608
-18
123
316
-207
-660
-409
-1254
77
764
38
256
66
428
1152
909
923
687
-768
-209
-185
50
-1074
-370
-173
-146
129
793
110
106
502
-73
-36
-121
-317
-155
79
-395
52
-1256
777
-393
207
-32
397
-601
-300
730
-247
209
-1365
-137
582
-905
146
-510
458
-355
-3
1353
299
-360
-1084
752
967
20
1272
66
-262
1319
321
-136
-637
-664
819
248
832
-407
811
-159
-397
202
382
-168
-317
-573
-781
-220
-520
-60
-939
-204
-227
-683
-370
-32
-498
-201
-1038
40
26
-539
450
514
284
317
-124
256
4
434
-530
-163
1062
346
-680
-118
281
-606
553
-62
302
804
279
284
468
463
664
-165
-616
238
-242
-275
-535
-483
209
218
32
273
-740
-104
53
458
259
-177
96
-115
72
430
75
-119
-647
710
451
-713
-564
-553
-545
-1122
535
174
315
1119
131
-1099
-98
-654
-1257
367
836
-327
-430
-76
-67
104
-487
998
596
385
-220
1179
259
80
901
-407
395
93
-173
812
517
-643
14
33
444
-244
-1171
-329
-13
-402
-1007
235
21
192
1179
601
578
383
224
-290
-35
236
-447
-402
-431
-921
-246
-752
244
-1011
178
537
-273
196
162
327
68
271
-91
-612
90
178
301
468
468
719
305
-676
830
-996
-465
-472
-474
-37
-41
113
-302
-652
-573
-894
-93
190
-1307
275
-9
264
-478
1303
891
339
368
-347
745
963
-587
959
1542
748
610
-574
-357
575
-159
320
182
418
374
88
-809
-279
779
-456
-352
195
36
-757
542
446
679
940
-515
-1007
-887
-349
-159
-78
-525
-238
284
-648
-687
217
-839
649
678
-328
-420
-371
544
-493
-159
-384
-240
-779
-183
-482
294
-93
-601
235
-462
816
559
545
-1008
-1165
-857
35
-172
416
72
-110
669
-282
-319
-111
100
559
666
-218
193
153
469
-188
337
195
-1214
611
247
544
436
353
-319
636
-576
-39
742
-270
1064
552
-153
-1342
1184
-387
544
583
395
-1143
-1062
-133
-49
-1669
608
735
767
-165
-318
500
-915
7
-264
269
-224
-28
-260
765
-417
842
63
777
1396
-731
-685
-314
-15
66
-116
-645
-593
318
-714
17
467
77
115
218
464
887
-140
202
192
-502
-226
-865
783
681
924
259
550
100
-451
-297
-249
-1238
-806
679
924
99
639
-642
-415
378
-323
462
-950
-512
1073
704
-683
136
-311
782
-600
31
407
-446
353
-288
1157
-372
-82
781
323
422
-368
52
-1025
537
-208
-140
-223
-337
-71
-1024
-1102
-67
249
372
-327
-591
179
-441
106
-208
112
576
-397
520
-184
-644
-504
-328
-1085
-932
637
-403
797
305
1051
-208
122
-653
-611
131
163
482
-98
499
-6
-375
-401
432
78
-292
-978
194
560
-1246
841
-277
-45
1185
1205
-81
-1067
-256
269
-739
-192
330
-3
-595
295
239
99
632
-440
354
382
696
-1050
-737
-363
395
-271
287
530
116
-4
464
-301
-60
378
82
447
597
210
526
396
309
-645
-314
386
187
13
-82
784
195
1356
-364
-350
-94
-240
-219
-194
456
176
188
-863
195
451
-326
330
-403
322
505
374
-251
416
-1113
-99
-284
683
-521
211
159
2
-555
59
-51
-112
219
1051
407
-206
383
-1333
506
-272
-19
-1127
644
229
514
89
-597
-444
469
-728
168
-344
375
4
-597
82
120
-804
553
-840
106
101
93
267
-122
185
-194
167
145
-427
-568
373
-130
-122
-413
-180
-193
423
-866
39
-222
794
-243
105
-1000
-404
-731
-761
644
-247
-130
-496
-426
-146
390
265
-122
-163
-284
321
711
26
72
-1325
111
-164
-711
1289
-104
168
-35
-663
-544
-441
456
257
994
85
-444
-88
-85
587
150
704
56
403
-437
790
1471
-627
325
340
580
1226
332
75
-396
632
75
-367
712
514
-540
39
-638
230
224
88
208
-515
-582
761
-326
-27
1440
-923
571
160
519
-339
-748
28
-446
377
-475
-408
-216
318
-154
301
-75
-705
-523
808
-494
692
655
-1894
962
71
-181
507
1122
-595
270
936
-225
858
150
-353
-557
-1306
-862
-380
31
-600
99
-1470
732
252
-185
232
499
-339
-97
-51
-354
204
-76
384
326
-126
427
1285
286
-774
-501
89
-1092
-1470
-272
74
-907
-39
-138
-115
-431
-427
360
235
816
224
540
119
-702
1141
-232
-1163
589
-498
-663
468
84
-18
197
-335
582
274
-247
457
502
468
-641
42
13
392
-1125
960
-402
58
-975
-972
982
791
-649
-916
143
691
-123
385
106
-616
203
683
60
121
-321
347
441
890
237
635
16
-583
66
-213
582
-536
615
-240
-371
-672
65
1105
409
86
434
-920
129
-440
-163
476
620
-134
-1071
417
-354
-409
721
-444
-240
-485
60
-162
-335
-663
20
485
-26
411
-2
-75
-23
-35
-198
112
107
-180
-210
-98
125
10
-39
59
-38
-37
-38
-18
-31
-9
-35
-8
-37
-2
-53
4
-55
-21
-27
19
29
144
-60
-119
-143
-26
-256
-20
105
68
34
-485
-31
137
-242
-141
-132
-222
-445
-200
-77
-791
227
-155
592
-872
-96
20
4
637
127
-857
428
-1233
-493
-622
-595
284
1101
1093
-6
65
-376
751
219
-831
-1169
-419
659
536
-20
356
-349
746
534
459
235
-176
426
527
568
561
432
580
353
154
-203
-383
-199
155
571
-554
-116
-16
442
439
598
-380
-2091
849
269
688
-258
418
-377
206
249
-492
1152
-578
359
27
340
-866
331
539
134
225
353
771
-1514
950
808
-80
51
3
124
605
-28
-1365
-597
117
-35
294
-552
313
-142
-489
418
208
-244
-1243
111
558
17
828
-148
-520
-425
-225
187
241
769
65
-983
60
-126
484
562
87
-630
835
314
-86
183
-549
245
-35
-947
-105
-275
-748
-259
498
-361
194
-334
-623
-259
197
475
-548
-631
-237
-136
-679
697
-646
-298
-173
-58
-394
927
-188
137
-648
931
-190
-733
759
660
371
-470
148
-10
-186
-255
-229
1032
543
501
501
-577
45
240
870
196
-1113
-337
235
634
537
142
123
798
-311
887
-455
-455
326
-96
88
-42
-301
-130
402
-916
1051
-817
-377
-331
-245
-154
-423
-634
672
-688
-535
-453
-41
-401
53
846
170
293
95
-392
-665
68
257
-694
650
-104
898
817
-157
790
-39
75
-76
762
-65
14
-343
735
449
-483
1169
-357
-353
384
504
-430
-161
-339
-44
183
599
-650
251
-226
-287
319
-74
-108
-294
248
-227
391
-418
316
-1298
837
579
643
-570
335
-662
554
-49
1289
327
298
-204
-291
-638
-703
210
-173
-372
106
976
-1407
-161
-614
470
-816
144
-98
-285
580
-80
-1082
-1
93
173
-69
-102
-299
744
-86
95
485
-75
65
-311
-869
536
-14
-368
631
-268
-553
555
973
-481
-26
1021
-686
-445
-129
-546
-174
1561
903
-400
-488
117
-14
-1244
-34
4
150
53
-215
-1496
421
1003
192
660
-255
364
-388
-491
-30
-192
492
-329
441
-26
-525
-31
176
-813
318
-192
-289
103
-183
46
326
-108
774
306
42
-506
61
261
169
974
248
-383
559
525
-276
278
313
799
-633
-231
84
211
-654
-1123
-221
253
-670
-37
676
436
-55
341
-750
47
-666
-327
393
-317
273
-522
425
-99
-279
453
149
690
249
119
254
652
-755
59
960
233
142
541
-369
-138
-2
125
-526
185
-69
-248
72
-475
-775
71
-411
317
146
-668
1171
-1206
1269
213
-749
-206
693
-24
-29
-1278
-115
620
-178
-126
575
-665
-650
987
-155
-183
-485
-1052
239
1230
931
385
351
-515
297
-418
-989
193
-92
746
-54
-263
748
727
-427
-73
-251
-424
-867
1136
-15
454
33
481
665
-531
-795
-669
579
-247
-23
-408
-202
-443
-383
367
-637
1079
-507
-1359
1066
-613
-122
103
532
-292
687
337
76
327
-214
20
-1050
125
-52
387
-58
710
241
-1097
234
482
-341
757
43
-114
-394
-200
-113
150
-936
-661
-221
340
605
121
-96
11
416
-11
222
753
1210
-551
179
416
396
-369
-221
-431
698
-582
-644
66
560
-37
-406
-159
-1212
-243
-54
-351
738
-479
90
-86
374
1020
406
427
-164
-91
-207
556
-338
-1080
-311
63
-158
-73
-70
570
786
-25
142
253
586
-504
-33
1355
-219
945
-240
136
-341
-544
144
-964
-818
349
-166
-248
-870
181
-616
-817
308
48
33
56
948
-710
-456
-486
3
166
965
1735
769
-714
-1
338
-108
981
1264
58
-779
-1044
320
361
-230
-254
-167
1321
-719
-846
788
1032
-1179
-726
128
-228
-75
141
-233
423
-68
-192
-241
46
-348
30
-49
-604
405
-328
-1057
-25
1649
171
-464
-648
-381
201
-1086
-378
258
-598
-380
-680
-135
71
2047
441
-160
113
499
272
-75
-893
481
112
-34
761
785
736
-55
-521
-853
-438
-15
333
381
611
-222
-1095
1043
641
-864
-80
215
-36
928
579
856
258
-935
487
-426
-310
142
-350
-760
798
-585
-758
-1101
1002
458
205
222
16
177
318
-160
-432
611
60
-254
-155
-338
-552
35
-1126
-297
723
-406
325
1203
-643
272
188
176
1123
-241
347
-199
-45
-233
-629
-708
-101
-888
-392
-244
-425
-256
-407
-25
38
551
-479
-168
749
-571
107
-193
-819
370
274
936
-174
-517
-667
264
-183
-235
-641
-318
331
816
879
-16
967
27
440
-197
-887
-616
521
625
279
869
32
232
801
-253
54
980
-32
355
-279
1163
-95
-125
-171
182
1453
547
479
-569
-874
-30
314
15
196
-375
-456
1136
-1299
464
-267
-60
211
-653
-514
100
-840
-763
22
412
932
-374
-33
-585
595
523
131
76
-54
61
-159
-194
785
-394
-316
-577
302
-560
-211
-11
-345
-942
172
46
-124
-532
13
-1238
-571
780
944
73
1159
867
542
257
-874
-413
-727
-666
-923
-379
-275
-1049
-815
97
438
210
0
556
-19
222
361
-186
240
-322
-1499
332
144
-448
-166
1059
111
1801
491
-29
523
-1263
-659
-12
348
-73
-194
527
-336
-687
413
242
174
-154
532
-360
633
281
247
316
-275
248
-66
-136
4
833
-434
-245
-805
30
225
189
1091
697
92
-140
351
476
-305
341
-506
-608
371
-230
-488
-92
-16
163
-33
-383
-874
321
-238
-531
500
298
586
912
-224
-201
358
-149
54
255
798
17
487
600
-658
1111
348
-850
930
207
-870
-177
-1019
966
-518
-1249
367
142
377
-464
124
-929
-1162
-228
42
1061
221
-664
489
-299
502
-157
704
32
282
-190
401
24
987
182
196
-997
67
-388
-517
194
65
587
865
-109
-688
-433
-193
-705
-149
371
76
150
-1051
3
160
-344
-290
-151
-379
-553
-323
-68
-996
278
-239
655
-989
-88
-45
13
576
133
-918
430
-1290
-492
-675
-595
235
1100
1047
-8
22
-379
711
215
-869
-1173
-455
655
502
-24
323
-353
715
530
430
230
-205
421
500
563
535
427
555
348
129
-208
-407
-204
132
566
-576
-121
-37
437
419
593
-399
-2096
830
264
669
-263
400
-382
188
244
-509
1147
-595
354
11
335
-882
326
523
129
210
348
756
-1519
935
803
-94
46
-11
119
592
-33
-1378
-602
104
-40
281
-557
300
-147
-501
413
195
-249
-1256
106
546
12
816
-152
-532
-430
-236
183
229
765
54
-987
49
-130
472
558
76
-635
824
310
-97
178
-560
240
-46
-952
-115
-279
-758
-264
488
-366
183
-339
-633
-264
187
470
-558
-636
-247
-140
-689
692
-656
-302
-184
-63
-404
922
-199
132
-658
926
-200
-738
748
655
360
-475
137
-15
-196
-260
-240
1027
532
496
491
-582
34
235
859
190
-1124
-342
224
629
525
137
111
793
-323
882
-467
-461
314
-101
76
-48
-314
-136
389
-922
1037
-823
-391
-337
-260
-161
-438
-640
656
-695
-552
-461
-59
-409
34
839
150
285
73
-400
-687
60
233
-703
624
-113
869
806
-188
778
-73
62
-112
733
-103
5
-360
659
351
-415
918
-283
-315
282
301
-275
-147
-187
-72
104
228
-258
48
-58
-136
110
-65
4
-98
65
-73
69
-76
51
-93
56
-34
39
-42
33
-39
26
-41
27
-49
43
-6
56
-9
34
-56
-25
-156
52
-78
-179
167
-211
764
276
-603
166
84
337
162
-182
-579
-40
-582
-4
-156
198
-682
-111
153
439
352
-806
329
1506
1222
-285
-239
1
-424
388
696
-141
906
-540
65
-193
-689
403
-20
-873
-626
73
-0
-533
324
145
243
-401
-576
-259
1053
742
404
694
354
-335
-334
680
49
247
380
174
486
-258
-1457
-528
-307
-131
558
1343
-495
328
1044
86
-1067
-175
-882
-212
260
-688
-128
-194
-375
9
124
-370
1162
-425
274
-355
-992
-30
275
143
392
-94
-429
-329
-54
-6
-375
-40
1034
-245
53
-35
307
409
-50
7
-696
329
-87
-221
116
117
-158
172
466
1081
-739
179
251
491
-903
-541
-333
-271
615
-1271
730
29
174
67
-629
-482
-138
165
-366
-230
1171
44
-304
-565
-466
303
582
105
-105
750
307
-370
-530
690
-375
-214
440
-242
378
-110
-46
170
-391
-619
-901
114
-26
-758
-800
328
-340
847
623
-959
-402
1171
38
-293
-12
863
-262
286
496
-310
38
536
249
-297
463
175
593
180
-664
304
471
411
274
572
214
410
229
-115
-586
-407
212
-381
-100
-653
627
-261
392
-1087
745
-228
-1076
-229
174
702
444
-511
255
628
67
796
-674
-626
-770
-166
406
273
807
-317
-438
-1105
196
489
-357
1054
43
537
427
-110
-69
-400
573
361
-89
-909
-363
-406
-294
1391
144
-623
-97
-743
376
-261
-710
-379
-178
1021
250
-276
-74
391
65
1189
-352
-421
440
-87
224
-307
-134
624
945
-236
-274
139
-849
-28
-25
-206
64
-1342
17
-319
-491
768
-38
871
173
-1154
112
-859
-529
242
43
-383
-776
916
-356
1704
218
-457
-159
116
871
-23
-1238
-283
190
-246
-426
-353
256
-633
11
49
679
-660
-471
1002
314
-330
476
754
-286
833
-407
55
520
-1025
9
-905
121
479
-1380
83
542
296
-798
-621
714
-287
-214
214
-232
829
-344
-191
414
404
152
125
799
1293
191
499
463
-410
984
-795
592
-443
-319
-151
-359
383
-309
-77
-209
-752
151
-385
897
-232
499
-739
381
128
-588
-317
367
1470
1071
252
433
154
-517
31
-301
-370
151
213
-939
350
120
518
-304
1424
-484
-734
42
-694
1560
465
212
497
-118
-540
-933
-555
471
148
88
-940
-221
-426
12
1183
-760
-65
-662
-237
-529
498
46
-547
125
12
-996
-1125
94
-526
75
-638
-502
1007
-221
294
-246
355
-274
988
-696
-284
512
187
-1031
418
420
-334
54
1127
324
652
-285
136
607
-455
-385
-617
-445
-74
528
-624
509
-1076
1245
-437
129
101
658
-92
251
87
-118
278
-115
-195
-1642
858
1219
-540
424
-1036
74
-424
-217
-219
-120
-19
-125
263
-715
278
-225
-515
-532
-146
1719
-97
59
453
991
-637
372
827
-300
25
-215
525
246
767
-761
-252
-781
-422
288
827
386
761
-192
754
795
-345
-68
568
-819
99
1570
94
-1209
-1560
173
-314
-542
323
-472
-536
303
1186
332
13
-746
55
751
298
756
27
-262
-1014
285
-795
-317
371
-5
653
527
564
230
294
4
173
257
-720
-811
303
-416
-805
-821
-119
-388
549
346
208
-869
-314
544
828
397
-221
1000
14
204
-228
698
310
-250
-257
-1204
-1085
592
-141
558
968
-41
183
545
-890
-684
830
-508
-656
-893
-261
453
-210
-596
-1733
-406
514
-278
155
-858
-1180
-977
680
125
-348
228
1314
358
-67
81
-317
-389
-780
-284
285
663
896
492
125
326
671
427
-87
-213
745
406
-908
-55
-102
685
108
553
101
1475
255
-198
-162
-370
585
-142
-972
222
560
-405
-138
446
364
-709
348
133
-347
-38
-189
-263
260
1023
177
-367
370
-37
-728
99
-183
-418
948
-493
62
97
-927
-656
-1337
110
-202
-232
296
462
342
-943
251
408
1258
350
380
-618
140
-397
-80
367
354
378
371
-310
-547
295
-524
-81
26
665
-524
771
-201
-283
305
46
-216
393
-1010
-137
469
37
-971
-431
-221
33
-634
101
-157
-445
468
-686
773
971
363
719
197
-51
196
-183
-309
-164
1046
-726
67
-107
560
69
-22
299
-149
179
-61
-1030
202
-279
-255
747
240
152
-370
-913
563
98
-884
-113
-29
-1645
789
636
262
521
28
-455
-357
-901
296
-465
-365
875
-73
-251
392
1410
187
923
-1241
270
-152
151
235
321
302
476
292
398
142
376
-445
301
-717
767
9
-735
715
-718
-167
161
-777
15
467
55
-344
626
-266
-930
-664
-381
-507
24
-223
-865
-10
-318
367
-7
473
-712
-287
-755
333
-252
-1138
9
367
1083
-339
-376
985
-191
-389
1
782
-465
429
760
479
428
749
385
-224
-724
-535
53
522
1412
-592
-101
-84
-305
142
-634
755
443
-124
903
-217
120
-84
519
422
649
-359
-505
510
-41
-543
-829
1134
571
-421
-60
-555
-295
-187
-10
1018
142
-1168
-234
698
-26
434
-1258
-285
-391
48
126
338
613
-157
46
-354
-318
140
-119
186
-551
-571
-10
-646
906
-180
-576
-109
316
173
433
440
905
-463
-377
-930
-218
-113
-644
-5
-956
-379
69
1179
-202
-152
-474
197
1038
-141
-327
264
4
440
-207
746
1197
-579
1137
1131
242
-734
-122
-604
362
-586
63
961
245
322
-139
619
829
-248
-759
-1061
803
-385
-18
1104
-189
-232
6
-761
-1141
-261
-929
-658
-190
1081
289
254
516
-285
273
-17
-509
167
419
379
-458
-1017
-422
419
354
-34
295
-839
233
260
-1171
521
-38
-283
-844
-550
92
-791
-288
286
-425
637
616
554
317
186
-109
-193
-563
190
-137
-591
600
-554
1907
601
-1127
313
212
555
305
-254
-746
-41
-688
6
-143
237
-719
-107
194
470
389
-804
355
1522
1242
-273
-222
12
-409
397
709
-132
918
-532
76
-186
-679
410
-11
-866
-617
80
8
-527
332
150
251
-396
-569
-254
1060
747
410
699
361
-331
-328
685
54
251
385
178
491
-254
-1452
-525
-302
-128
563
1347
-491
332
1048
89
-1063
-171
-878
-209
264
-685
-125
-191
-371
12
127
-367
1166
-422
278
-352
-989
-27
279
146
395
-91
-426
-327
-51
-4
-372
-38
1037
-242
56
-32
309
411
-47
9
-694
332
-84
-219
119
120
-156
174
469
1084
-736
182
254
494
-901
-539
-330
-268
617
-1269
732
32
176
70
-626
-479
-136
168
-363
-228
1174
47
-301
-562
-464
306
584
108
-103
753
310
-367
-528
693
-373
-211
442
-239
380
-107
-43
173
-389
-616
-899
117
-24
-754
-797
331
-337
851
626
-956
-399
1174
40
-289
-10
867
-260
290
498
-306
40
540
251
-293
465
179
595
184
-662
308
474
416
276
577
216
414
231
-110
-584
-402
214
-376
-98
-648
629
-255
393
-1082
747
-222
-1075
-223
175
708
445
-505
256
635
68
803
-673
-620
-770
-158
406
280
807
-309
-439
-1096
194
497
-360
1063
38
546
420
-102
-76
-383
541
350
-94
-814
-333
-338
-257
1113
93
-443
-85
-477
213
-140
-403
-179
-103
442
75
-83
-44
120
-6
260
-83
-46
32
9
-3
2
-24
36
-4
22
-17
25
-16
25
-23
12
-31
47
-24
20
-43
229
130
58
-44
-155
144
-36
-45
419
-284
153
-97
-265
-206
150
808
-90
-127
1250
-239
-320
886
-45
97
-640
-170
-326
302
604
-593
-179
-661
-279
-1054
-587
-89
755
-508
-438
1025
-1327
345
179
576
-313
-33
-408
483
-17
313
-129
295
114
-226
-33
11
-50
1168
-267
-284
751
-325
362
911
797
-516
-1113
363
-277
-1095
-518
770
369
-391
731
-467
-815
-166
-567
882
-305
-1050
36
4
1017
-1226
-459
-158
89
-30
-394
272
-0
-571
145
-428
677
105
464
-68
346
134
418
574
345
-201
706
437
39
-327
-297
-385
192
104
373
-449
614
-357
-614
583
-62
278
-639
-226
96
323
-26
211
401
352
293
627
-705
668
-451
-697
425
17
-703
-64
-999
-574
382
-101
-62
-487
-23
285
-190
-556
-1079
-287
947
-341
251
744
-1322
-458
1024
547
360
-638
42
585
-313
630
159
-297
-248
-606
-361
-623
-601
-228
-420
359
856
9
695
-614
507
1449
138
311
52
526
80
-119
400
688
-303
529
26
-522
-776
170
727
390
-237
-313
-257
123
-873
130
14
177
887
-614
1035
-377
128
40
-777
245
-348
-375
-49
216
898
169
713
-83
-486
1448
-582
114
1083
-66
-899
-178
259
-525
-716
-4
-251
119
537
-462
-507
-215
868
-740
-196
1149
590
-217
-372
671
488
-777
366
-522
-51
-781
458
69
-796
-321
-889
-594
-835
-219
270
453
-914
-1457
462
-495
-325
-84
114
-212
-643
67
632
801
341
211
-678
524
-586
708
571
248
-39
746
158
578
699
-84
271
-578
-704
-130
349
-593
121
357
-145
666
57
253
535
-91
-155
-8
329
-1392
-104
-356
498
-812
21
555
-493
935
191
-589
431
76
643
-214
-239
233
198
719
499
1197
-231
-180
-234
-82
-261
-209
-277
-14
130
-454
118
152
-1426
-515
-542
436
504
164
-773
-335
490
-0
463
88
-365
667
169
834
-164
169
451
366
423
-790
-305
359
-353
-971
-986
-141
-762
-29
-100
-399
-396
-330
1222
164
-84
18
-15
-481
871
-9
-662
-73
53
802
484
230
-475
-150
363
791
789
138
-12
224
429
-281
593
-732
303
-185
-638
-691
11
-174
-387
315
609
-216
-794
-304
737
145
-124
226
-436
-248
-65
-180
346
474
299
-175
-675
-178
439
227
-198
-641
903
1084
152
-858
-16
-545
480
-496
-365
623
246
-250
-404
419
848
676
1021
-48
-816
-322
-503
679
-203
1255
-23
-572
-566
784
-814
453
-33
1226
520
-196
-1041
-487
322
-99
728
-1100
-567
1028
-599
-1047
-880
46
-7
649
-167
-797
-163
-215
178
-1225
-48
1340
-374
-356
-248
-590
-408
454
118
26
336
-761
-448
-287
-646
-731
1376
-246
-517
-561
906
953
367
311
-319
-635
-115
-866
-152
426
117
59
64
669
137
-26
255
-201
-1049
371
370
-223
1085
-195
-300
1240
421
-177
682
127
1009
-658
456
-10
708
-180
-202
-373
178
680
-419
1217
-220
307
363
-201
-50
605
-238
271
-340
-629
-58
678
-234
-909
-472
210
-1114
430
-95
-1278
-6
886
247
-130
70
-74
-163
2
980
378
105
200
-105
963
-389
-470
132
-884
213
-76
610
929
883
-298
976
402
878
718
-743
-129
-613
294
-203
-1043
-956
-188
-1073
545
-1341
-655
529
-176
257
-308
546
-776
153
483
-177
-563
-586
-769
522
-1542
-723
437
-543
867
-785
336
852
83
-482
-718
-330
-363
-338
465
-36
931
615
-662
178
550
-140
637
1225
-331
-354
19
403
131
-383
-680
309
333
54
-52
130
-245
-535
173
533
259
809
-520
-148
61
323
227
-170
277
-315
-1199
-436
-521
226
114
-464
291
150
987
-76
-561
-22
181
-579
-207
-386
109
193
812
-235
-77
-540
126
-213
106
18
208
82
-287
-645
-51
-330
351
1422
319
83
-1354
-54
92
1662
736
622
34
246
1095
908
-1167
-363
2
-343
653
620
808
-436
-106
83
401
384
-144
-502
164
15
-625
-332
-119
63
331
380
182
187
-871
-108
757
-476
-351
-204
1104
1166
-205
-163
-515
73
565
-389
-582
1116
-57
609
709
107
0
-770
-393
-494
-143
-547
-713
-548
590
-1109
240
-19
-883
5
-1182
-52
-1026
889
182
-329
25
699
659
244
339
-642
-394
-1348
-518
-839
514
-182
-269
156
-788
-765
-7
-340
349
363
143
-218
-1024
-182
976
23
-726
721
-561
515
414
159
465
-144
-390
-802
-61
1042
227
-616
196
366
280
71
577
7
-740
160
645
-140
110
454
464
-359
20
444
1515
-556
780
-442
348
738
-59
-683
-677
384
666
1013
309
379
316
307
-512
654
-492
60
-913
89
-511
-241
536
-148
-103
218
-214
670
-871
-623
796
382
-657
-331
-424
-484
-425
927
-480
-345
104
-104
250
580
-495
550
-280
-496
659
-264
1180
-274
-418
307
-1193
-917
-120
350
1179
632
340
-138
703
-703
815
320
8
-759
981
-19
-268
-143
-943
905
417
154
-160
621
872
-384
333
-1294
-622
-476
-756
783
-929
1156
-413
-615
-508
805
-91
189
767
184
643
-290
83
221
701
-1268
-155
-982
-1374
80
914
-648
159
-141
10
-370
-375
-762
-293
-164
15
-51
-925
239
-131
372
-442
50
212
-68
-384
-147
68
688
745
-9
362
-393
-614
-31
-320
362
-402
-760
68
-134
-161
131
-136
173
354
-132
604
435
-5
45
808
-264
300
-119
1237
1122
-158
447
-92
1056
-960
-232
116
706
443
1088
-417
-217
297
-118
-251
118
-786
-295
66
-681
920
-430
-1174
-1136
-600
465
-131
-152
-267
1630
1008
134
-123
-798
597
-235
-78
999
-628
253
-157
-557
-324
186
1263
-178
-149
1599
-279
-425
1058
-82
126
-717
-162
-361
325
595
-582
-193
-645
-289
-1037
-594
-73
750
-493
-442
1040
-1330
359
177
590
-315
-20
-409
496
-18
325
-129
307
114
-215
-32
22
-49
1178
-266
-274
753
-315
364
920
799
-506
-1111
373
-275
-1086
-515
779
372
-382
734
-459
-812
-158
-564
890
-302
-1042
39
12
1021
-1218
-455
-150
93
-23
-390
279
3
-564
148
-420
681
112
468
-61
350
141
422
581
349
-194
711
444
44
-320
-293
-378
197
111
378
-442
618
-351
-609
590
-57
284
-634
-219
101
329
-21
218
406
358
298
633
-699
675
-446
-690
430
23
-698
-58
-993
-568
388
-94
-57
-481
-17
292
-184
-549
-1072
-280
953
-334
257
751
-1316
-451
1031
554
367
-630
49
592
-306
637
166
-290
-240
-598
-354
-615
-594
-220
-412
367
864
17
703
-606
515
1458
147
319
60
534
89
-110
409
697
-294
539
36
-512
-766
180
737
401
-227
-302
-247
134
-863
142
24
189
898
-601
1046
-364
140
54
-765
259
-336
-361
-36
232
911
185
726
-66
-471
1466
-567
133
1098
-46
-883
-157
275
-502
-699
21
-233
145
556
-434
-488
-185
889
-706
-175
1185
611
-178
-351
711
505
-724
376
-459
-31
-680
430
103
-665
-224
-693
-412
-596
-113
186
317
-521
-751
236
-195
-134
-1
40
-37
-177
43
127
165
44
48
-74
59
-44
45
-1
20
-19
15
-22
11
-24
8
-29
7
-33
52
-90
-32
-45
-4
-104
259
208
-6
-167
13
-25
-1
-17
-716
373
-128
-166
-29
211
583
-334
107
-782
360
-46
-657
73
44
584
148
85
-120
365
-584
295
-566
20
-728
212
-208
148
-500
-1224
270
1337
-710
414
-628
-423
251
591
682
-443
-14
-512
78
129
855
-636
-1336
368
-121
-571
194
-3
218
-609
90
-629
415
1321
618
272
-607
-178
1477
273
421
-471
467
-70
-407
587
54
-169
686
256
223
62
18
-332
68
-149
608
142
636
630
-291
-425
101
-691
754
409
-618
271
-468
-54
393
328
671
-227
-290
-267
630
-414
-454
352
-331
319
106
-39
71
519
-601
-552
-117
-687
-735
1028
-947
306
580
320
-321
-804
886
-469
-436
-607
14
11
238
184
-280
-677
-1087
100
52
-294
463
54
-82
77
237
-323
697
-458
-455
314
175
939
247
527
-640
408
-147
-55
50
-349
513
-40
340
-772
-11
136
-44
-111
-310
1287
-384
263
-832
-700
-462
511
-1098
350
-211
-662
288
-546
-280
618
-432
-322
113
478
-217
-483
-70
-201
921
364
288
-53
-187
649
-474
-1081
495
95
7
-379
506
345
-198
34
738
227
728
-1011
417
-391
459
-249
-142
-19
333
-198
-90
-366
-59
-328
114
445
-274
1302
309
35
701
1093
-233
-545
-31
81
-651
630
-463
703
1099
167
752
-1333
588
-368
-519
310
-222
-155
481
643
-275
-391
-190
552
-460
-31
-433
156
-192
-611
73
59
21
-254
-105
-881
266
281
-467
45
514
33
-200
-23
-299
-455
-438
136
-74
228
175
227
-592
-482
74
884
181
-114
-767
856
395
358
235
157
-204
398
174
-1100
-159
-423
-795
-231
551
184
-165
-28
502
497
700
-419
287
-96
-2143
244
826
-622
249
1008
-106
-253
451
208
-574
193
297
-609
187
-423
-583
-381
645
391
1165
54
-177
-430
-869
-1192
595
-1050
725
709
-60
863
-370
155
-100
219
-25
443
-162
-343
-1028
-138
142
-527
-271
470
-22
716
-154
744
337
444
670
-762
-370
207
-206
-885
-1109
496
156
-524
176
271
-1144
-282
133
-500
569
-531
-147
-28
338
-604
256
596
300
106
153
1257
463
656
177
246
479
409
65
11
1073
-786
-550
-186
192
-757
-1271
-890
-1104
-249
706
531
26
-641
733
1592
606
133
-716
-359
-95
-225
310
-150
227
-521
373
-377
310
453
943
-352
301
856
-756
-270
-70
777
-403
-108
-423
16
-214
595
-56
-365
293
-20
179
1011
-282
-66
-73
1400
570
-278
-652
79
-773
999
-897
-1011
403
-64
305
249
467
-225
137
-1315
-127
-79
-607
393
390
481
457
78
146
-1827
749
-193
-1026
305
103
-297
-661
815
-868
112
-20
214
305
-1249
-426
345
919
-654
130
-144
-1082
292
-226
12
-51
-1038
-62
763
702
-134
268
704
70
-1271
41
-597
747
757
-460
-659
-77
395
1365
238
480
487
183
245
-1913
97
-256
-260
160
-949
-808
-52
165
837
-873
-53
-642
-1558
184
-169
-631
180
98
-572
-26
677
533
-63
687
-518
653
1190
-148
721
1232
774
898
822
57
1261
472
223
-170
709
936
148
83
-146
-150
-0
226
-333
-282
-232
174
-492
-1194
-1545
-316
274
521
612
94
273
278
326
1025
-607
-944
-895
-363
-370
175
386
333
290
-823
-430
-465
232
-455
308
-215
870
-351
-524
135
-564
270
-449
73
-603
-460
512
-48
621
-100
425
290
650
-977
-158
188
233
-188
-609
-1211
-17
601
-161
47
-1172
-417
-64
680
255
-440
348
1466
-1000
-141
-44
-40
-750
304
143
1299
-53
1258
-461
-688
-43
-681
222
335
260
562
630
-632
945
-1392
-293
-100
1136
224
-79
-7
-635
-236
489
-848
-1181
586
137
248
-104
-68
390
672
-213
-595
312
163
-12
-404
399
-302
-436
-838
-975
627
-48
76
249
968
-354
-807
291
787
1113
123
-172
495
-476
-282
-1371
-386
688
72
583
153
328
87
171
-553
634
-395
-110
426
-343
721
-7
165
715
-775
-61
487
-255
-647
-498
298
102
240
491
-76
-672
803
-620
-905
957
392
598
1223
-338
131
-1525
-426
297
218
59
-128
137
190
767
169
162
-104
348
-802
-390
-850
-16
468
278
-706
604
1214
-971
367
623
240
-222
105
487
-860
-435
-61
-761
99
649
-274
-786
406
397
-997
-37
-836
204
-806
-505
-772
65
-858
387
1093
31
995
346
780
-405
-201
-40
419
-945
-1049
-736
-396
-306
-310
329
196
78
275
253
41
10
414
194
754
567
-310
153
533
-95
-358
350
5
-663
1030
183
-350
-24
64
-711
-552
736
31
-541
-399
-86
1099
30
12
342
352
682
954
421
-177
405
-813
-28
629
-963
-134
298
-86
599
-983
503
760
651
-524
149
398
-1027
156
554
784
-1009
-663
-342
1
357
-212
-626
-1178
-851
295
-537
168
216
87
-386
-161
-506
-127
-348
892
298
82
171
-16
-17
-365
948
-108
460
1000
9
-290
1183
-1731
-644
-101
-396
-91
-546
-381
1395
470
61
-133
223
-846
-323
350
-443
-124
-753
-328
-137
-692
496
1322
-991
-423
-362
-955
466
83
341
506
527
-483
-164
914
-604
-231
636
109
471
757
-87
-115
-39
1003
992
196
1396
140
-295
187
435
-323
241
476
-374
928
0
-296
143
-763
-808
-190
-504
754
215
95
745
-474
-819
826
-102
-462
-174
-437
-85
446
-685
119
-82
-919
-143
-544
-548
-29
-268
657
-168
-409
-1034
170
302
738
555
12
195
225
707
-70
-158
68
367
-393
-165
-109
-120
743
-820
-462
-119
-125
-406
1177
1013
-90
-430
-25
26
-60
41
-1485
758
-270
-212
-91
357
758
-392
93
-907
382
-14
-765
115
11
639
118
116
-152
392
-611
319
-590
42
-749
232
-227
167
-517
-1206
254
1354
-725
430
-641
-408
239
605
670
-429
-25
-499
67
141
846
-624
-1346
380
-130
-560
186
8
210
-599
83
-618
408
1331
612
282
-613
-169
1471
283
415
-462
462
-61
-412
596
49
-161
681
264
219
70
14
-324
65
-141
604
149
632
638
-294
-418
98
-684
751
416
-621
278
-470
-47
391
335
669
-220
-292
-261
628
-408
-456
358
-333
326
104
-33
69
525
-603
-546
-118
-681
-736
1034
-948
311
579
326
-322
-798
885
-463
-437
-602
13
16
237
190
-281
-671
-1087
105
51
-289
463
59
-83
82
237
-318
696
-453
-455
319
175
944
246
532
-640
413
-147
-50
50
-344
512
-35
340
-767
-11
141
-44
-106
-310
1292
-384
268
-832
-695
-462
515
-1098
355
-210
-657
289
-542
-280
622
-432
-317
113
482
-217
-478
-69
-196
921
369
289
-48
-187
653
-474
-1077
496
100
7
-374
506
349
-197
38
738
232
728
-1006
417
-387
459
-244
-142
-14
333
-193
-91
-361
-60
-323
112
450
-276
1307
307
40
698
1098
-237
-540
-36
86
-658
635
-473
707
1083
167
725
-1301
546
-350
-502
278
-220
-135
370
507
-238
-288
-162
357
-316
-21
-267
75
-122
-261
-6
18
-27
-71
-58
-183
14
40
-87
4
9
3
-34
1
-28
-0
-20
4
